1.473426818847656250e-03
3.307342529296875000e-03
5.661010742187500000e-03
8.773803710937500000e-03
1.156616210937500000e-02
1.319122314453125000e-02
1.317596435546875000e-02
1.010131835937500000e-02
5.180358886718750000e-03
-5.294799804687500000e-03
-2.128601074218750000e-02
-4.260253906250000000e-02
-6.256103515625000000e-02
-8.489990234375000000e-02
-1.119995117187500000e-01
-1.418457031250000000e-01
-1.752929687500000000e-01
-1.933593750000000000e-01
-2.027587890625000000e-01
-2.060546875000000000e-01
-2.060546875000000000e-01
-2.041015625000000000e-01
-2.020263671875000000e-01
-2.028808593750000000e-01
-2.012939453125000000e-01
-2.087402343750000000e-01
-2.122802734375000000e-01
-2.124023437500000000e-01
-2.172851562500000000e-01
-2.166748046875000000e-01
-2.143554687500000000e-01
-2.136230468750000000e-01
-2.113037109375000000e-01
-2.081298828125000000e-01
-2.053222656250000000e-01
-2.004394531250000000e-01
-1.940917968750000000e-01
-1.877441406250000000e-01
-1.805419921875000000e-01
-1.685791015625000000e-01
-1.601562500000000000e-01
-1.533203125000000000e-01
-1.502685546875000000e-01
-1.472167968750000000e-01
-1.458740234375000000e-01
-1.450195312500000000e-01
-1.434326171875000000e-01
-1.439208984375000000e-01
-1.437988281250000000e-01
-1.425781250000000000e-01
-1.416015625000000000e-01
-1.394042968750000000e-01
-1.364746093750000000e-01
-1.326904296875000000e-01
-1.291503906250000000e-01
-1.264648437500000000e-01
-1.250000000000000000e-01
-1.240844726562500000e-01
-1.225585937500000000e-01
-1.221923828125000000e-01
-1.212768554687500000e-01
-1.209106445312500000e-01
-1.201171875000000000e-01
-1.181030273437500000e-01
-1.145629882812500000e-01
-1.107177734375000000e-01
-1.069335937500000000e-01
-1.038818359375000000e-01
-1.017456054687500000e-01
-1.019287109375000000e-01
-1.053466796875000000e-01
-1.125488281250000000e-01
-1.205444335937500000e-01
-1.341552734375000000e-01
-1.514892578125000000e-01
-1.743164062500000000e-01
-2.011718750000000000e-01
-2.158203125000000000e-01
-2.235107421875000000e-01
-2.249755859375000000e-01
-2.237548828125000000e-01
-2.208251953125000000e-01
-2.192382812500000000e-01
-2.180175781250000000e-01
-2.169189453125000000e-01
-2.191162109375000000e-01
-2.225341796875000000e-01
-2.264404296875000000e-01
-2.312011718750000000e-01
-2.365722656250000000e-01
-2.416992187500000000e-01
-2.462158203125000000e-01
-2.504882812500000000e-01
-2.536621093750000000e-01
-2.563476562500000000e-01
-2.580566406250000000e-01
-2.578125000000000000e-01
-2.563476562500000000e-01
-2.548828125000000000e-01
-2.495117187500000000e-01
-2.476806640625000000e-01
-2.449951171875000000e-01
-2.441406250000000000e-01
-2.425537109375000000e-01
-2.420654296875000000e-01
-2.424316406250000000e-01
-2.432861328125000000e-01
-2.456054687500000000e-01
-2.474365234375000000e-01
-2.490234375000000000e-01
-2.504882812500000000e-01
-2.504882812500000000e-01
-2.500000000000000000e-01
-2.502441406250000000e-01
-2.504882812500000000e-01
-2.507324218750000000e-01
-2.521972656250000000e-01
-2.539062500000000000e-01
-2.546386718750000000e-01
-2.551269531250000000e-01
-2.539062500000000000e-01
-2.524414062500000000e-01
-2.507324218750000000e-01
-2.484130859375000000e-01
-2.460937500000000000e-01
-2.441406250000000000e-01
-2.413330078125000000e-01
-2.386474609375000000e-01
-2.344970703125000000e-01
-2.292480468750000000e-01
-2.242431640625000000e-01
-2.193603515625000000e-01
-2.142333984375000000e-01
-2.122802734375000000e-01
-2.126464843750000000e-01
-2.186279296875000000e-01
-2.310791015625000000e-01
-2.353515625000000000e-01
-2.341308593750000000e-01
-2.290039062500000000e-01
-2.221679687500000000e-01
-2.169189453125000000e-01
-2.150878906250000000e-01
-2.150878906250000000e-01
-2.155761718750000000e-01
-2.191162109375000000e-01
-2.232666015625000000e-01
-2.279052734375000000e-01
-2.335205078125000000e-01
-2.406005859375000000e-01
-2.469482421875000000e-01
-2.529296875000000000e-01
-2.580566406250000000e-01
-2.629394531250000000e-01
-2.663574218750000000e-01
-2.692871093750000000e-01
-2.714843750000000000e-01
-2.722167968750000000e-01
-2.736816406250000000e-01
-2.717285156250000000e-01
-2.734375000000000000e-01
-2.744140625000000000e-01
-2.766113281250000000e-01
-2.778320312500000000e-01
-2.800292968750000000e-01
-2.824707031250000000e-01
-2.844238281250000000e-01
-2.871093750000000000e-01
-2.897949218750000000e-01
-2.924804687500000000e-01
-2.946777343750000000e-01
-2.956542968750000000e-01
-2.949218750000000000e-01
-2.949218750000000000e-01
-2.937011718750000000e-01
-2.924804687500000000e-01
-2.917480468750000000e-01
-2.912597656250000000e-01
-2.905273437500000000e-01
-2.905273437500000000e-01
-2.893066406250000000e-01
-2.875976562500000000e-01
-2.863769531250000000e-01
-2.851562500000000000e-01
-2.839355468750000000e-01
-2.824707031250000000e-01
-2.797851562500000000e-01
-2.763671875000000000e-01
-2.717285156250000000e-01
-2.651367187500000000e-01
-2.563476562500000000e-01
-2.463378906250000000e-01
-2.353515625000000000e-01
-2.255859375000000000e-01
-2.185058593750000000e-01
-2.165527343750000000e-01
-2.198486328125000000e-01
-2.154541015625000000e-01
-2.080078125000000000e-01
-1.970214843750000000e-01
-1.856689453125000000e-01
-1.778564453125000000e-01
-1.752929687500000000e-01
-1.755371093750000000e-01
-1.765136718750000000e-01
-1.796875000000000000e-01
-1.835937500000000000e-01
-1.884765625000000000e-01
-1.937255859375000000e-01
-1.999511718750000000e-01
-2.052001953125000000e-01
-2.100830078125000000e-01
-2.148437500000000000e-01
-2.194824218750000000e-01
-2.232666015625000000e-01
-2.261962890625000000e-01
-2.286376953125000000e-01
-2.312011718750000000e-01
-2.340087890625000000e-01
-2.346191406250000000e-01
-2.384033203125000000e-01
-2.404785156250000000e-01
-2.432861328125000000e-01
-2.451171875000000000e-01
-2.479248046875000000e-01
-2.509765625000000000e-01
-2.531738281250000000e-01
-2.558593750000000000e-01
-2.580566406250000000e-01
-2.602539062500000000e-01
-2.622070312500000000e-01
-2.629394531250000000e-01
-2.622070312500000000e-01
-2.624511718750000000e-01
-2.622070312500000000e-01
-2.624511718750000000e-01
-2.634277343750000000e-01
-2.641601562500000000e-01
-2.631835937500000000e-01
-2.619628906250000000e-01
-2.595214843750000000e-01
-2.573242187500000000e-01
-2.553710937500000000e-01
-2.531738281250000000e-01
-2.509765625000000000e-01
-2.485351562500000000e-01
-2.453613281250000000e-01
-2.415771484375000000e-01
-2.373046875000000000e-01
-2.315673828125000000e-01
-2.244873046875000000e-01
-2.150878906250000000e-01
-2.037353515625000000e-01
-1.933593750000000000e-01
-1.832275390625000000e-01
-1.774902343750000000e-01
-1.773681640625000000e-01
-1.719970703125000000e-01
-1.629638671875000000e-01
-1.519775390625000000e-01
-1.402587890625000000e-01
-1.314697265625000000e-01
-1.273193359375000000e-01
-1.262207031250000000e-01
-1.262207031250000000e-01
-1.282958984375000000e-01
-1.311035156250000000e-01
-1.347656250000000000e-01
-1.386718750000000000e-01
-1.436767578125000000e-01
-1.490478515625000000e-01
-1.546630859375000000e-01
-1.605224609375000000e-01
-1.662597656250000000e-01
-1.719970703125000000e-01
-1.772460937500000000e-01
-1.817626953125000000e-01
-1.865234375000000000e-01
-1.910400390625000000e-01
-1.938476562500000000e-01
-1.992187500000000000e-01
-2.021484375000000000e-01
-2.050781250000000000e-01
-2.073974609375000000e-01
-2.103271484375000000e-01
-2.128906250000000000e-01
-2.139892578125000000e-01
-2.148437500000000000e-01
-2.150878906250000000e-01
-2.150878906250000000e-01
-2.144775390625000000e-01
-2.131347656250000000e-01
-2.116699218750000000e-01
-2.115478515625000000e-01
-2.113037109375000000e-01
-2.113037109375000000e-01
-2.117919921875000000e-01
-2.121582031250000000e-01
-2.115478515625000000e-01
-2.106933593750000000e-01
-2.091064453125000000e-01
-2.075195312500000000e-01
-2.059326171875000000e-01
-2.045898437500000000e-01
-2.033691406250000000e-01
-2.021484375000000000e-01
-2.004394531250000000e-01
-1.982421875000000000e-01
-1.951904296875000000e-01
-1.910400390625000000e-01
-1.855468750000000000e-01
-1.779785156250000000e-01
-1.673583984375000000e-01
-1.561279296875000000e-01
-1.440429687500000000e-01
-1.356201171875000000e-01
-1.325683593750000000e-01
-1.259765625000000000e-01
-1.164550781250000000e-01
-1.060791015625000000e-01
-9.606933593750000000e-02
-8.911132812500000000e-02
-8.624267578125000000e-02
-8.605957031250000000e-02
-8.679199218750000000e-02
-8.917236328125000000e-02
-9.222412109375000000e-02
-9.594726562500000000e-02
-9.985351562500000000e-02
-1.049804687500000000e-01
-1.098632812500000000e-01
-1.149291992187500000e-01
-1.198120117187500000e-01
-1.245727539062500000e-01
-1.293945312500000000e-01
-1.339111328125000000e-01
-1.380615234375000000e-01
-1.427001953125000000e-01
-1.468505859375000000e-01
-1.497802734375000000e-01
-1.546630859375000000e-01
-1.580810546875000000e-01
-1.622314453125000000e-01
-1.660156250000000000e-01
-1.705322265625000000e-01
-1.740722656250000000e-01
-1.760253906250000000e-01
-1.776123046875000000e-01
-1.785888671875000000e-01
-1.793212890625000000e-01
-1.793212890625000000e-01
-1.785888671875000000e-01
-1.774902343750000000e-01
-1.773681640625000000e-01
-1.770019531250000000e-01
-1.771240234375000000e-01
-1.776123046875000000e-01
-1.779785156250000000e-01
-1.777343750000000000e-01
-1.773681640625000000e-01
-1.763916015625000000e-01
-1.757812500000000000e-01
-1.754150390625000000e-01
-1.751708984375000000e-01
-1.743164062500000000e-01
-1.734619140625000000e-01
-1.721191406250000000e-01
-1.700439453125000000e-01
-1.669921875000000000e-01
-1.625976562500000000e-01
-1.567382812500000000e-01
-1.486816406250000000e-01
-1.384277343750000000e-01
-1.275634765625000000e-01
-1.159057617187500000e-01
-1.078491210937500000e-01
-1.029052734375000000e-01
-9.545898437500000000e-02
-8.569335937500000000e-02
-7.537841796875000000e-02
-6.616210937500000000e-02
-6.063842773437500000e-02
-5.850219726562500000e-02
-5.877685546875000000e-02
-5.999755859375000000e-02
-6.262207031250000000e-02
-6.573486328125000000e-02
-6.951904296875000000e-02
-7.354736328125000000e-02
-7.855224609375000000e-02
-8.343505859375000000e-02
-8.825683593750000000e-02
-9.277343750000000000e-02
-9.716796875000000000e-02
-1.013183593750000000e-01
-1.055297851562500000e-01
-1.094360351562500000e-01
-1.140136718750000000e-01
-1.177368164062500000e-01
-1.204833984375000000e-01
-1.248779296875000000e-01
-1.276855468750000000e-01
-1.313476562500000000e-01
-1.343994140625000000e-01
-1.384277343750000000e-01
-1.419677734375000000e-01
-1.444091796875000000e-01
-1.469726562500000000e-01
-1.490478515625000000e-01
-1.507568359375000000e-01
-1.516113281250000000e-01
-1.517333984375000000e-01
-1.514892578125000000e-01
-1.520996093750000000e-01
-1.520996093750000000e-01
-1.522216796875000000e-01
-1.525878906250000000e-01
-1.533203125000000000e-01
-1.535644531250000000e-01
-1.540527343750000000e-01
-1.539306640625000000e-01
-1.534423828125000000e-01
-1.530761718750000000e-01
-1.527099609375000000e-01
-1.517333984375000000e-01
-1.505126953125000000e-01
-1.490478515625000000e-01
-1.473388671875000000e-01
-1.451416015625000000e-01
-1.422119140625000000e-01
-1.379394531250000000e-01
-1.318359375000000000e-01
-1.242065429687500000e-01
-1.158447265625000000e-01
-1.058959960937500000e-01
-9.954833984375000000e-02
-9.539794921875000000e-02
-8.941650390625000000e-02
-8.142089843750000000e-02
-7.305908203125000000e-02
-6.549072265625000000e-02
-6.088256835937500000e-02
-5.914306640625000000e-02
-5.953979492187500000e-02
-6.069946289062500000e-02
-6.292724609375000000e-02
-6.549072265625000000e-02
-6.842041015625000000e-02
-7.153320312500000000e-02
-7.550048828125000000e-02
-7.952880859375000000e-02
-8.367919921875000000e-02
-8.789062500000000000e-02
-9.210205078125000000e-02
-9.619140625000000000e-02
-1.000366210937500000e-01
-1.033935546875000000e-01
-1.070556640625000000e-01
-1.099243164062500000e-01
-1.121826171875000000e-01
-1.159057617187500000e-01
-1.180419921875000000e-01
-1.207885742187500000e-01
-1.229248046875000000e-01
-1.258544921875000000e-01
-1.287841796875000000e-01
-1.307373046875000000e-01
-1.329345703125000000e-01
-1.347656250000000000e-01
-1.364746093750000000e-01
-1.374511718750000000e-01
-1.379394531250000000e-01
-1.383056640625000000e-01
-1.394042968750000000e-01
-1.401367187500000000e-01
-1.408691406250000000e-01
-1.417236328125000000e-01
-1.425781250000000000e-01
-1.430664062500000000e-01
-1.431884765625000000e-01
-1.425781250000000000e-01
-1.419677734375000000e-01
-1.414794921875000000e-01
-1.411132812500000000e-01
-1.407470703125000000e-01
-1.402587890625000000e-01
-1.394042968750000000e-01
-1.381835937500000000e-01
-1.365966796875000000e-01
-1.346435546875000000e-01
-1.319580078125000000e-01
-1.278076171875000000e-01
-1.223754882812500000e-01
-1.160278320312500000e-01
-1.079101562500000000e-01
-1.025390625000000000e-01
-9.851074218750000000e-02
-9.307861328125000000e-02
-8.648681640625000000e-02
-7.965087890625000000e-02
-7.348632812500000000e-02
-6.982421875000000000e-02
-6.848144531250000000e-02
-6.872558593750000000e-02
-6.958007812500000000e-02
-7.147216796875000000e-02
-7.379150390625000000e-02
-7.653808593750000000e-02
-7.934570312500000000e-02
-8.276367187500000000e-02
-8.593750000000000000e-02
-8.947753906250000000e-02
-9.295654296875000000e-02
-9.631347656250000000e-02
-9.936523437500000000e-02
-1.021118164062500000e-01
-1.045532226562500000e-01
-1.076049804687500000e-01
-1.101684570312500000e-01
-1.124267578125000000e-01
-1.159667968750000000e-01
-1.182861328125000000e-01
-1.211547851562500000e-01
-1.236572265625000000e-01
-1.269531250000000000e-01
-1.298828125000000000e-01
-1.318359375000000000e-01
-1.336669921875000000e-01
-1.351318359375000000e-01
-1.365966796875000000e-01
-1.376953125000000000e-01
-1.383056640625000000e-01
-1.387939453125000000e-01
-1.398925781250000000e-01
-1.402587890625000000e-01
-1.407470703125000000e-01
-1.413574218750000000e-01
-1.419677734375000000e-01
-1.420898437500000000e-01
-1.423339843750000000e-01
-1.422119140625000000e-01
-1.420898437500000000e-01
-1.419677734375000000e-01
-1.418457031250000000e-01
-1.416015625000000000e-01
-1.412353515625000000e-01
-1.407470703125000000e-01
-1.401367187500000000e-01
-1.390380859375000000e-01
-1.375732421875000000e-01
-1.354980468750000000e-01
-1.320800781250000000e-01
-1.275634765625000000e-01
-1.220092773437500000e-01
-1.143798828125000000e-01
-1.092529296875000000e-01
-1.049804687500000000e-01
-1.001586914062500000e-01
-9.429931640625000000e-02
-8.825683593750000000e-02
-8.258056640625000000e-02
-7.922363281250000000e-02
-7.781982421875000000e-02
-7.788085937500000000e-02
-7.873535156250000000e-02
-8.050537109375000000e-02
-8.258056640625000000e-02
-8.508300781250000000e-02
-8.770751953125000000e-02
-9.082031250000000000e-02
-9.381103515625000000e-02
-9.704589843750000000e-02
-1.002197265625000000e-01
-1.032714843750000000e-01
-1.060791015625000000e-01
-1.088256835937500000e-01
-1.112060546875000000e-01
-1.138916015625000000e-01
-1.162719726562500000e-01
-1.182861328125000000e-01
-1.213378906250000000e-01
-1.230468750000000000e-01
-1.251220703125000000e-01
-1.265869140625000000e-01
-1.285400390625000000e-01
-1.302490234375000000e-01
-1.314697265625000000e-01
-1.326904296875000000e-01
-1.339111328125000000e-01
-1.351318359375000000e-01
-1.361083984375000000e-01
-1.365966796875000000e-01
-1.370849609375000000e-01
-1.381835937500000000e-01
-1.389160156250000000e-01
-1.397705078125000000e-01
-1.407470703125000000e-01
-1.417236328125000000e-01
-1.424560546875000000e-01
-1.431884765625000000e-01
-1.436767578125000000e-01
-1.439208984375000000e-01
-1.439208984375000000e-01
-1.439208984375000000e-01
-1.437988281250000000e-01
-1.434326171875000000e-01
-1.428222656250000000e-01
-1.420898437500000000e-01
-1.408691406250000000e-01
-1.392822265625000000e-01
-1.372070312500000000e-01
-1.340332031250000000e-01
-1.298828125000000000e-01
-1.248168945312500000e-01
-1.179199218750000000e-01
-1.126708984375000000e-01
-1.079101562500000000e-01
-1.033325195312500000e-01
-9.814453125000000000e-02
-9.289550781250000000e-02
-8.837890625000000000e-02
-8.563232421875000000e-02
-8.465576171875000000e-02
-8.489990234375000000e-02
-8.581542968750000000e-02
-8.746337890625000000e-02
-8.935546875000000000e-02
-9.155273437500000000e-02
-9.375000000000000000e-02
-9.637451171875000000e-02
-9.887695312500000000e-02
-1.015625000000000000e-01
-1.042480468750000000e-01
-1.068725585937500000e-01
-1.091918945312500000e-01
-1.114501953125000000e-01
-1.134643554687500000e-01
-1.157836914062500000e-01
-1.177368164062500000e-01
-1.193847656250000000e-01
-1.216430664062500000e-01
-1.228027343750000000e-01
-1.244506835937500000e-01
-1.257324218750000000e-01
-1.273193359375000000e-01
-1.289062500000000000e-01
-1.303710937500000000e-01
-1.318359375000000000e-01
-1.333007812500000000e-01
-1.346435546875000000e-01
-1.357421875000000000e-01
-1.364746093750000000e-01
-1.372070312500000000e-01
-1.384277343750000000e-01
-1.391601562500000000e-01
-1.400146484375000000e-01
-1.409912109375000000e-01
-1.418457031250000000e-01
-1.423339843750000000e-01
-1.427001953125000000e-01
-1.427001953125000000e-01
-1.427001953125000000e-01
-1.427001953125000000e-01
-1.427001953125000000e-01
-1.425781250000000000e-01
-1.422119140625000000e-01
-1.417236328125000000e-01
-1.411132812500000000e-01
-1.403808593750000000e-01
-1.394042968750000000e-01
-1.379394531250000000e-01
-1.354980468750000000e-01
-1.322021484375000000e-01
-1.276855468750000000e-01
-1.213989257812500000e-01
-1.162719726562500000e-01
-1.108398437500000000e-01
-1.054687500000000000e-01
-9.985351562500000000e-02
-9.497070312500000000e-02
-9.106445312500000000e-02
-8.892822265625000000e-02
-8.819580078125000000e-02
-8.856201171875000000e-02
-8.947753906250000000e-02
-9.112548828125000000e-02
-9.307861328125000000e-02
-9.521484375000000000e-02
-9.729003906250000000e-02
-9.960937500000000000e-02
-1.016845703125000000e-01
-1.038208007812500000e-01
-1.058349609375000000e-01
-1.077270507812500000e-01
-1.094970703125000000e-01
-1.112670898437500000e-01
-1.128540039062500000e-01
-1.147460937500000000e-01
-1.163330078125000000e-01
-1.177368164062500000e-01
-1.198120117187500000e-01
-1.210937500000000000e-01
-1.225585937500000000e-01
-1.237182617187500000e-01
-1.251220703125000000e-01
-1.263427734375000000e-01
-1.273193359375000000e-01
-1.282958984375000000e-01
-1.292724609375000000e-01
-1.303710937500000000e-01
-1.312255859375000000e-01
-1.318359375000000000e-01
-1.323242187500000000e-01
-1.331787109375000000e-01
-1.335449218750000000e-01
-1.340332031250000000e-01
-1.347656250000000000e-01
-1.354980468750000000e-01
-1.359863281250000000e-01
-1.364746093750000000e-01
-1.367187500000000000e-01
-1.368408203125000000e-01
-1.368408203125000000e-01
-1.369628906250000000e-01
-1.368408203125000000e-01
-1.367187500000000000e-01
-1.363525390625000000e-01
-1.358642578125000000e-01
-1.350097656250000000e-01
-1.337890625000000000e-01
-1.320800781250000000e-01
-1.295166015625000000e-01
-1.259765625000000000e-01
-1.209716796875000000e-01
-1.143798828125000000e-01
-1.080322265625000000e-01
-1.019287109375000000e-01
-9.631347656250000000e-02
-9.124755859375000000e-02
-8.746337890625000000e-02
-8.502197265625000000e-02
-8.447265625000000000e-02
-8.477783203125000000e-02
-8.593750000000000000e-02
-8.740234375000000000e-02
-8.929443359375000000e-02
-9.136962890625000000e-02
-9.368896484375000000e-02
-9.594726562500000000e-02
-9.832763671875000000e-02
-1.005859375000000000e-01
-1.027221679687500000e-01
-1.047363281250000000e-01
-1.067504882812500000e-01
-1.085815429687500000e-01
-1.102905273437500000e-01
-1.119995117187500000e-01
-1.135864257812500000e-01
-1.149902343750000000e-01
-1.163330078125000000e-01
-1.177978515625000000e-01
-1.191406250000000000e-01
-1.203613281250000000e-01
-1.214599609375000000e-01
-1.224365234375000000e-01
-1.234130859375000000e-01
-1.240844726562500000e-01
-1.246337890625000000e-01
-1.252441406250000000e-01
-1.258544921875000000e-01
-1.264648437500000000e-01
-1.269531250000000000e-01
-1.274414062500000000e-01
-1.279296875000000000e-01
-1.282958984375000000e-01
-1.287841796875000000e-01
-1.292724609375000000e-01
-1.296386718750000000e-01
-1.300048828125000000e-01
-1.303710937500000000e-01
-1.306152343750000000e-01
-1.308593750000000000e-01
-1.309814453125000000e-01
-1.311035156250000000e-01
-1.309814453125000000e-01
-1.306152343750000000e-01
-1.300048828125000000e-01
-1.291503906250000000e-01
-1.279296875000000000e-01
-1.262207031250000000e-01
-1.240234375000000000e-01
-1.209106445312500000e-01
-1.167602539062500000e-01
-1.113281250000000000e-01
-1.045532226562500000e-01
-9.777832031250000000e-02
-9.118652343750000000e-02
-8.520507812500000000e-02
-7.977294921875000000e-02
-7.562255859375000000e-02
-7.293701171875000000e-02
-7.226562500000000000e-02
-7.244873046875000000e-02
-7.348632812500000000e-02
-7.489013671875000000e-02
-7.672119140625000000e-02
-7.873535156250000000e-02
-8.099365234375000000e-02
-8.319091796875000000e-02
-8.551025390625000000e-02
-8.770751953125000000e-02
-8.978271484375000000e-02
-9.173583984375000000e-02
-9.362792968750000000e-02
-9.533691406250000000e-02
-9.692382812500000000e-02
-9.857177734375000000e-02
-1.000976562500000000e-01
-1.014404296875000000e-01
-1.026611328125000000e-01
-1.040649414062500000e-01
-1.054077148437500000e-01
-1.065673828125000000e-01
-1.076049804687500000e-01
-1.085815429687500000e-01
-1.095581054687500000e-01
-1.102905273437500000e-01
-1.107788085937500000e-01
-1.113281250000000000e-01
-1.119384765625000000e-01
-1.124877929687500000e-01
-1.129150390625000000e-01
-1.133422851562500000e-01
-1.138305664062500000e-01
-1.141967773437500000e-01
-1.146240234375000000e-01
-1.149902343750000000e-01
-1.153564453125000000e-01
-1.156616210937500000e-01
-1.159667968750000000e-01
-1.161499023437500000e-01
-1.163330078125000000e-01
-1.164550781250000000e-01
-1.165161132812500000e-01
-1.163940429687500000e-01
-1.160278320312500000e-01
-1.154174804687500000e-01
-1.145629882812500000e-01
-1.133422851562500000e-01
-1.116943359375000000e-01
-1.094360351562500000e-01
-1.063232421875000000e-01
-1.021728515625000000e-01
-9.667968750000000000e-02
-8.990478515625000000e-02
-8.319091796875000000e-02
-7.653808593750000000e-02
-7.055664062500000000e-02
-6.500244140625000000e-02
-6.082153320312500000e-02
-5.813598632812500000e-02
-5.746459960937500000e-02
-5.761718750000000000e-02
-5.856323242187500000e-02
-5.993652343750000000e-02
-6.167602539062500000e-02
-6.365966796875000000e-02
-6.585693359375000000e-02
-6.805419921875000000e-02
-7.031250000000000000e-02
-7.244873046875000000e-02
-7.446289062500000000e-02
-7.635498046875000000e-02
-7.818603515625000000e-02
-7.983398437500000000e-02
-8.142089843750000000e-02
-8.300781250000000000e-02
-8.447265625000000000e-02
-8.581542968750000000e-02
-8.703613281250000000e-02
-8.837890625000000000e-02
-8.966064453125000000e-02
-9.075927734375000000e-02
-9.173583984375000000e-02
-9.265136718750000000e-02
-9.350585937500000000e-02
-9.411621093750000000e-02
-9.454345703125000000e-02
-9.503173828125000000e-02
-9.552001953125000000e-02
-9.594726562500000000e-02
-9.625244140625000000e-02
-9.661865234375000000e-02
-9.698486328125000000e-02
-9.729003906250000000e-02
-9.759521484375000000e-02
-9.790039062500000000e-02
-9.820556640625000000e-02
-9.844970703125000000e-02
-9.869384765625000000e-02
-9.881591796875000000e-02
-9.893798828125000000e-02
-9.899902343750000000e-02
-9.899902343750000000e-02
-9.881591796875000000e-02
-9.844970703125000000e-02
-9.777832031250000000e-02
-9.686279296875000000e-02
-9.558105468750000000e-02
-9.387207031250000000e-02
-9.155273437500000000e-02
-8.837890625000000000e-02
-8.416748046875000000e-02
-7.861328125000000000e-02
-7.171630859375000000e-02
-6.488037109375000000e-02
-5.813598632812500000e-02
-5.212402343750000000e-02
-4.650878906250000000e-02
-4.229736328125000000e-02
-3.952026367187500000e-02
-3.878784179687500000e-02
-3.890991210937500000e-02
-3.982543945312500000e-02
-4.119873046875000000e-02
-4.293823242187500000e-02
-4.489135742187500000e-02
-4.708862304687500000e-02
-4.925537109375000000e-02
-5.154418945312500000e-02
-5.368041992187500000e-02
-5.572509765625000000e-02
-5.761718750000000000e-02
-5.947875976562500000e-02
-6.118774414062500000e-02
-6.280517578125000000e-02
-6.439208984375000000e-02
-6.585693359375000000e-02
-6.713867187500000000e-02
-6.835937500000000000e-02
-6.964111328125000000e-02
-7.092285156250000000e-02
-7.196044921875000000e-02
-7.287597656250000000e-02
-7.366943359375000000e-02
-7.452392578125000000e-02
-7.501220703125000000e-02
-7.531738281250000000e-02
-7.568359375000000000e-02
-7.611083984375000000e-02
-7.641601562500000000e-02
-7.659912109375000000e-02
-7.684326171875000000e-02
-7.708740234375000000e-02
-7.727050781250000000e-02
-7.745361328125000000e-02
-7.763671875000000000e-02
-7.781982421875000000e-02
-7.794189453125000000e-02
-7.812500000000000000e-02
-7.812500000000000000e-02
-7.812500000000000000e-02
-7.818603515625000000e-02
-7.818603515625000000e-02
-7.800292968750000000e-02
-7.757568359375000000e-02
-7.684326171875000000e-02
-7.586669921875000000e-02
-7.452392578125000000e-02
-7.275390625000000000e-02
-7.037353515625000000e-02
-6.713867187500000000e-02
-6.280517578125000000e-02
-5.712890625000000000e-02
-5.014038085937500000e-02
-4.318237304687500000e-02
-3.649902343750000000e-02
-3.041076660156250000e-02
-2.479553222656250000e-02
-2.049255371093750000e-02
-1.773071289062500000e-02
-1.698303222656250000e-02
-1.707458496093750000e-02
-1.797485351562500000e-02
-1.934814453125000000e-02
-2.110290527343750000e-02
-2.307128906250000000e-02
-2.531433105468750000e-02
-2.752685546875000000e-02
-2.986145019531250000e-02
-3.204345703125000000e-02
-3.411865234375000000e-02
-3.604125976562500000e-02
-3.793334960937500000e-02
-3.964233398437500000e-02
-4.125976562500000000e-02
-4.290771484375000000e-02
-4.443359375000000000e-02
-4.580688476562500000e-02
-4.705810546875000000e-02
-4.837036132812500000e-02
-4.968261718750000000e-02
-5.075073242187500000e-02
-5.175781250000000000e-02
-5.261230468750000000e-02
-5.355834960937500000e-02
-5.416870117187500000e-02
-5.453491210937500000e-02
-5.496215820312500000e-02
-5.538940429687500000e-02
-5.572509765625000000e-02
-5.593872070312500000e-02
-5.618286132812500000e-02
-5.642700195312500000e-02
-5.661010742187500000e-02
-5.682373046875000000e-02
-5.706787109375000000e-02
-5.728149414062500000e-02
-5.746459960937500000e-02
-5.764770507812500000e-02
-5.767822265625000000e-02
-5.767822265625000000e-02
-5.770874023437500000e-02
-5.767822265625000000e-02
-5.746459960937500000e-02
-5.706787109375000000e-02
-5.636596679687500000e-02
-5.541992187500000000e-02
-5.410766601562500000e-02
-5.236816406250000000e-02
-5.001831054687500000e-02
-4.678344726562500000e-02
-4.244995117187500000e-02
-3.680419921875000000e-02
-2.980041503906250000e-02
-2.276611328125000000e-02
-1.600646972656250000e-02
-9.902954101562500000e-03
-4.322052001953125000e-03
-9.918212890625000000e-05
2.696990966796875000e-03
3.437042236328125000e-03
3.368377685546875000e-03
2.498626708984375000e-03
1.106262207031250000e-03
-6.542205810546875000e-04
-2.614974975585937500e-03
-4.837036132812500000e-03
-7.030487060546875000e-03
-9.368896484375000000e-03
-1.156616210937500000e-02
-1.364898681640625000e-02
-1.557159423828125000e-02
-1.748657226562500000e-02
-1.922607421875000000e-02
-2.085876464843750000e-02
-2.252197265625000000e-02
-2.404785156250000000e-02
-2.542114257812500000e-02
-2.667236328125000000e-02
-2.804565429687500000e-02
-2.935791015625000000e-02
-3.042602539062500000e-02
-3.137207031250000000e-02
-3.222656250000000000e-02
-3.314208984375000000e-02
-3.369140625000000000e-02
-3.402709960937500000e-02
-3.439331054687500000e-02
-3.472900390625000000e-02
-3.497314453125000000e-02
-3.506469726562500000e-02
-3.518676757812500000e-02
-3.530883789062500000e-02
-3.536987304687500000e-02
-3.543090820312500000e-02
-3.561401367187500000e-02
-3.579711914062500000e-02
-3.588867187500000000e-02
-3.601074218750000000e-02
-3.594970703125000000e-02
-3.588867187500000000e-02
-3.585815429687500000e-02
-3.576660156250000000e-02
-3.549194335937500000e-02
-3.515625000000000000e-02
-3.445434570312500000e-02
-3.350830078125000000e-02
-3.216552734375000000e-02
-3.041076660156250000e-02
-2.804565429687500000e-02
-2.481079101562500000e-02
-2.047729492187500000e-02
-1.482391357421875000e-02
-7.793426513671875000e-03
-7.095336914062500000e-04
6.130218505859375000e-03
1.229095458984375000e-02
1.785278320312500000e-02
2.206420898437500000e-02
2.484130859375000000e-02
2.554321289062500000e-02
2.546691894531250000e-02
2.456665039062500000e-02
2.317810058593750000e-02
2.136230468750000000e-02
1.934814453125000000e-02
1.707458496093750000e-02
1.483154296875000000e-02
1.245880126953125000e-02
1.021575927734375000e-02
8.087158203125000000e-03
6.122589111328125000e-03
4.165649414062500000e-03
2.361297607421875000e-03
6.647109985351562500e-04
-1.065254211425781250e-03
-2.639770507812500000e-03
-4.074096679687500000e-03
-5.352020263671875000e-03
-6.797790527343750000e-03
-8.163452148437500000e-03
-9.315490722656250000e-03
-1.020812988281250000e-02
-1.097106933593750000e-02
-1.179504394531250000e-02
-1.234436035156250000e-02
-1.267242431640625000e-02
-1.300811767578125000e-02
-1.345825195312500000e-02
-1.382446289062500000e-02
-1.405334472656250000e-02
-1.428985595703125000e-02
-1.451873779296875000e-02
-1.467132568359375000e-02
-1.485443115234375000e-02
-1.505279541015625000e-02
-1.527404785156250000e-02
-1.540374755859375000e-02
-1.554870605468750000e-02
-1.552581787109375000e-02
-1.549530029296875000e-02
-1.550292968750000000e-02
-1.545715332031250000e-02
-1.522064208984375000e-02
-1.499176025390625000e-02
-1.441192626953125000e-02
-1.359558105468750000e-02
-1.239013671875000000e-02
-1.075744628906250000e-02
-8.522033691406250000e-03
-5.420684814453125000e-03
-1.205444335937500000e-03
4.371643066406250000e-03
1.125335693359375000e-02
1.815795898437500000e-02
2.490234375000000000e-02
3.094482421875000000e-02
3.631591796875000000e-02
4.046630859375000000e-02
4.309082031250000000e-02
4.370117187500000000e-02
4.364013671875000000e-02
4.266357421875000000e-02
4.116821289062500000e-02
3.924560546875000000e-02
3.707885742187500000e-02
3.466796875000000000e-02
3.228759765625000000e-02
2.978515625000000000e-02
2.740478515625000000e-02
2.511596679687500000e-02
2.296447753906250000e-02
2.082824707031250000e-02
1.885986328125000000e-02
1.698303222656250000e-02
1.506805419921875000e-02
1.327514648437500000e-02
1.168060302734375000e-02
1.020050048828125000e-02
8.560180664062500000e-03
6.999969482421875000e-03
5.649566650390625000e-03
4.405975341796875000e-03
3.311157226562500000e-03
2.117156982421875000e-03
1.359939575195312500e-03
8.134841918945312500e-04
2.622604370117187500e-04
-2.374649047851562500e-04
-6.551742553710937500e-04
-9.164810180664062500e-04
-1.173973083496093750e-03
-1.463890075683593750e-03
-2.632141113281250000e-03
-2.902984619140625000e-03
-3.311157226562500000e-03
-3.746032714843750000e-03
-4.096984863281250000e-03
-4.497528076171875000e-03
-4.718780517578125000e-03
-4.947662353515625000e-03
-5.210876464843750000e-03
-5.348205566406250000e-03
-5.287170410156250000e-03
-5.100250244140625000e-03
-4.608154296875000000e-03
-3.791809082031250000e-03
-2.668380737304687500e-03
-1.116752624511718750e-03
1.044273376464843750e-03
4.093170166015625000e-03
8.277893066406250000e-03
1.379394531250000000e-02
2.062988281250000000e-02
2.735900878906250000e-02
3.402709960937500000e-02
4.006958007812500000e-02
4.550170898437500000e-02
4.971313476562500000e-02
5.239868164062500000e-02
5.297851562500000000e-02
5.276489257812500000e-02
5.175781250000000000e-02
5.023193359375000000e-02
4.833984375000000000e-02
4.623413085937500000e-02
4.391479492187500000e-02
4.162597656250000000e-02
3.921508789062500000e-02
3.692626953125000000e-02
3.475952148437500000e-02
3.271484375000000000e-02
3.070068359375000000e-02
2.886962890625000000e-02
2.713012695312500000e-02
2.539062500000000000e-02
2.377319335937500000e-02
2.233886718750000000e-02
2.102661132812500000e-02
1.956176757812500000e-02
1.815795898437500000e-02
1.698303222656250000e-02
1.597595214843750000e-02
1.511383056640625000e-02
1.410675048828125000e-02
1.329040527343750000e-02
1.268768310546875000e-02
1.206207275390625000e-02
1.139068603515625000e-02
1.078033447265625000e-02
1.033020019531250000e-02
9.788513183593750000e-03
9.277343750000000000e-03
8.827209472656250000e-03
8.308410644531250000e-03
7.911682128906250000e-03
7.495880126953125000e-03
7.167816162109375000e-03
6.797790527343750000e-03
6.660461425781250000e-03
6.523132324218750000e-03
5.432128906250000000e-03
4.295349121093750000e-03
3.334045410156250000e-03
2.460479736328125000e-03
2.029418945312500000e-03
1.974105834960937500e-03
2.613067626953125000e-03
3.650665283203125000e-03
5.287170410156250000e-03
7.801055908203125000e-03
1.142883300781250000e-02
1.638793945312500000e-02
2.267456054687500000e-02
2.888488769531250000e-02
3.503417968750000000e-02
4.046630859375000000e-02
4.534912109375000000e-02
4.876708984375000000e-02
5.075073242187500000e-02
5.062866210937500000e-02
4.974365234375000000e-02
4.797363281250000000e-02
4.580688476562500000e-02
4.330444335937500000e-02
4.055786132812500000e-02
3.756713867187500000e-02
3.460693359375000000e-02
3.152465820312500000e-02
2.856445312500000000e-02
2.569580078125000000e-02
2.294921875000000000e-02
2.023315429687500000e-02
1.768493652343750000e-02
1.522827148437500000e-02
1.277160644531250000e-02
1.042175292968750000e-02
8.255004882812500000e-03
6.202697753906250000e-03
3.952026367187500000e-03
1.821517944335937500e-03
-1.220703125000000000e-04
-1.920700073242187500e-03
-3.582000732421875000e-03
-5.249023437500000000e-03
-6.629943847656250000e-03
-7.781982421875000000e-03
-8.926391601562500000e-03
-1.010131835937500000e-02
-1.118469238281250000e-02
-1.212310791015625000e-02
-1.317596435546875000e-02
-1.427459716796875000e-02
-1.528167724609375000e-02
-1.635742187500000000e-02
-1.741027832031250000e-02
-1.849365234375000000e-02
-1.950073242187500000e-02
-2.052307128906250000e-02
-2.113342285156250000e-02
-2.174377441406250000e-02
-2.243041992187500000e-02
-2.313232421875000000e-02
-2.264404296875000000e-02
-2.197265625000000000e-02
-2.105712890625000000e-02
-1.980590820312500000e-02
-1.828002929687500000e-02
-1.635742187500000000e-02
-1.382446289062500000e-02
-1.038360595703125000e-02
-5.855560302734375000e-03
2.288818359375000000e-05
7.228851318359375000e-03
1.435852050781250000e-02
2.140808105468750000e-02
2.772521972656250000e-02
3.341674804687500000e-02
3.778076171875000000e-02
4.071044921875000000e-02
4.162597656250000000e-02
4.177856445312500000e-02
4.113769531250000000e-02
4.000854492187500000e-02
3.851318359375000000e-02
3.677368164062500000e-02
3.488159179687500000e-02
3.302001953125000000e-02
3.100585937500000000e-02
2.911376953125000000e-02
2.734375000000000000e-02
2.568054199218750000e-02
2.403259277343750000e-02
2.255249023437500000e-02
2.116394042968750000e-02
1.974487304687500000e-02
1.843261718750000000e-02
1.731872558593750000e-02
1.628112792968750000e-02
1.507568359375000000e-02
1.396179199218750000e-02
1.300811767578125000e-02
1.223754882812500000e-02
1.158905029296875000e-02
1.093292236328125000e-02
1.052093505859375000e-02
1.034545898437500000e-02
1.017761230468750000e-02
9.963989257812500000e-03
9.834289550781250000e-03
9.819030761718750000e-03
9.712219238281250000e-03
9.552001953125000000e-03
9.475708007812500000e-03
9.323120117187500000e-03
9.292602539062500000e-03
9.239196777343750000e-03
9.284973144531250000e-03
9.284973144531250000e-03
9.559631347656250000e-03
8.865356445312500000e-03
8.155822753906250000e-03
8.506774902343750000e-03
8.026123046875000000e-03
7.648468017578125000e-03
7.522583007812500000e-03
7.717132568359375000e-03
8.186340332031250000e-03
9.071350097656250000e-03
1.054382324218750000e-02
1.287078857421875000e-02
1.625061035156250000e-02
2.098083496093750000e-02
2.705383300781250000e-02
3.298950195312500000e-02
3.881835937500000000e-02
4.403686523437500000e-02
4.858398437500000000e-02
5.187988281250000000e-02
5.374145507812500000e-02
5.368041992187500000e-02
5.276489257812500000e-02
5.114746093750000000e-02
4.907226562500000000e-02
4.656982421875000000e-02
4.382324218750000000e-02
4.083251953125000000e-02
3.790283203125000000e-02
3.482055664062500000e-02
3.189086914062500000e-02
2.905273437500000000e-02
2.633666992187500000e-02
2.365112304687500000e-02
2.113342285156250000e-02
1.867675781250000000e-02
1.618957519531250000e-02
1.380157470703125000e-02
1.159667968750000000e-02
9.429931640625000000e-03
7.064819335937500000e-03
4.814147949218750000e-03
2.706527709960937500e-03
7.343292236328125000e-04
-1.108169555664062500e-03
-3.009796142578125000e-03
-4.432678222656250000e-03
-5.664825439453125000e-03
-6.843566894531250000e-03
-7.942199707031250000e-03
-8.949279785156250000e-03
-9.803771972656250000e-03
-1.068115234375000000e-02
-1.160430908203125000e-02
-1.243591308593750000e-02
-1.332855224609375000e-02
-1.437377929687500000e-02
-1.541900634765625000e-02
-1.638793945312500000e-02
-1.737976074218750000e-02
