6.947517395019531250e-04
1.626968383789062500e-03
3.047943115234375000e-03
5.043029785156250000e-03
6.713867187500000000e-03
9.231567382812500000e-03
1.289367675781250000e-02
1.673889160156250000e-02
1.989746093750000000e-02
2.223205566406250000e-02
2.447509765625000000e-02
2.557373046875000000e-02
2.554321289062500000e-02
2.630615234375000000e-02
2.638244628906250000e-02
2.366638183593750000e-02
1.789855957031250000e-02
1.037597656250000000e-02
3.376007080078125000e-03
-3.604888916015625000e-03
-8.232116699218750000e-03
-1.325225830078125000e-02
-1.594543457031250000e-02
-1.806640625000000000e-02
-2.064514160156250000e-02
-2.313232421875000000e-02
-2.587890625000000000e-02
-2.835083007812500000e-02
-3.050231933593750000e-02
-3.256225585937500000e-02
-3.454589843750000000e-02
-3.591918945312500000e-02
-3.759765625000000000e-02
-3.955078125000000000e-02
-4.190063476562500000e-02
-4.446411132812500000e-02
-4.666137695312500000e-02
-4.843139648437500000e-02
-4.940795898437500000e-02
-5.014038085937500000e-02
-4.998779296875000000e-02
-4.959106445312500000e-02
-4.931640625000000000e-02
-4.876708984375000000e-02
-4.812622070312500000e-02
-4.849243164062500000e-02
-4.821777343750000000e-02
-4.830932617187500000e-02
-4.748535156250000000e-02
-4.736328125000000000e-02
-4.699707031250000000e-02
-4.711914062500000000e-02
-4.638671875000000000e-02
-4.537963867187500000e-02
-4.455566406250000000e-02
-4.357910156250000000e-02
-4.333496093750000000e-02
-4.330444335937500000e-02
-4.394531250000000000e-02
-4.498291015625000000e-02
-4.522705078125000000e-02
-4.446411132812500000e-02
-4.272460937500000000e-02
-4.077148437500000000e-02
-3.939819335937500000e-02
-3.826904296875000000e-02
-3.765869140625000000e-02
-3.762817382812500000e-02
-3.747558593750000000e-02
-3.717041015625000000e-02
-3.637695312500000000e-02
-3.649902343750000000e-02
-3.686523437500000000e-02
-3.741455078125000000e-02
-3.970336914062500000e-02
-4.360961914062500000e-02
-4.998779296875000000e-02
-5.630493164062500000e-02
-6.182861328125000000e-02
-6.695556640625000000e-02
-7.049560546875000000e-02
-7.360839843750000000e-02
-7.507324218750000000e-02
-7.641601562500000000e-02
-7.812500000000000000e-02
-8.001708984375000000e-02
-8.276367187500000000e-02
-8.557128906250000000e-02
-8.825683593750000000e-02
-9.112548828125000000e-02
-9.393310546875000000e-02
-9.613037109375000000e-02
-9.844970703125000000e-02
-1.005249023437500000e-01
-1.024780273437500000e-01
-1.040039062500000000e-01
-1.053466796875000000e-01
-1.060791015625000000e-01
-1.067504882812500000e-01
-1.072387695312500000e-01
-1.072387695312500000e-01
-1.072387695312500000e-01
-1.075439453125000000e-01
-1.082763671875000000e-01
-1.083984375000000000e-01
-1.091918945312500000e-01
-1.094970703125000000e-01
-1.093750000000000000e-01
-1.083984375000000000e-01
-1.079711914062500000e-01
-1.073608398437500000e-01
-1.072998046875000000e-01
-1.068725585937500000e-01
-1.063232421875000000e-01
-1.055908203125000000e-01
-1.049194335937500000e-01
-1.046752929687500000e-01
-1.045532226562500000e-01
-1.046142578125000000e-01
-1.047363281250000000e-01
-1.051635742187500000e-01
-1.054077148437500000e-01
-1.051025390625000000e-01
-1.043090820312500000e-01
-1.033325195312500000e-01
-1.022338867187500000e-01
-1.009521484375000000e-01
-9.973144531250000000e-02
-9.918212890625000000e-02
-9.918212890625000000e-02
-9.960937500000000000e-02
-1.004638671875000000e-01
-1.018676757812500000e-01
-1.032104492187500000e-01
-1.054687500000000000e-01
-1.080322265625000000e-01
-1.112670898437500000e-01
-1.145019531250000000e-01
-1.166992187500000000e-01
-1.184082031250000000e-01
-1.194458007812500000e-01
-1.198730468750000000e-01
-1.195068359375000000e-01
-1.201171875000000000e-01
-1.217651367187500000e-01
-1.232299804687500000e-01
-1.250000000000000000e-01
-1.265869140625000000e-01
-1.279296875000000000e-01
-1.290283203125000000e-01
-1.297607421875000000e-01
-1.300048828125000000e-01
-1.304931640625000000e-01
-1.314697265625000000e-01
-1.324462890625000000e-01
-1.331787109375000000e-01
-1.341552734375000000e-01
-1.351318359375000000e-01
-1.363525390625000000e-01
-1.374511718750000000e-01
-1.380615234375000000e-01
-1.383056640625000000e-01
-1.383056640625000000e-01
-1.381835937500000000e-01
-1.373291015625000000e-01
-1.372070312500000000e-01
-1.370849609375000000e-01
-1.367187500000000000e-01
-1.363525390625000000e-01
-1.361083984375000000e-01
-1.356201171875000000e-01
-1.351318359375000000e-01
-1.345214843750000000e-01
-1.347656250000000000e-01
-1.350097656250000000e-01
-1.350097656250000000e-01
-1.347656250000000000e-01
-1.345214843750000000e-01
-1.342773437500000000e-01
-1.342773437500000000e-01
-1.342773437500000000e-01
-1.339111328125000000e-01
-1.329345703125000000e-01
-1.315917968750000000e-01
-1.306152343750000000e-01
-1.296386718750000000e-01
-1.285400390625000000e-01
-1.278076171875000000e-01
-1.278076171875000000e-01
-1.281738281250000000e-01
-1.286621093750000000e-01
-1.291503906250000000e-01
-1.302490234375000000e-01
-1.315917968750000000e-01
-1.336669921875000000e-01
-1.357421875000000000e-01
-1.379394531250000000e-01
-1.402587890625000000e-01
-1.412353515625000000e-01
-1.419677734375000000e-01
-1.414794921875000000e-01
-1.405029296875000000e-01
-1.394042968750000000e-01
-1.386718750000000000e-01
-1.386718750000000000e-01
-1.386718750000000000e-01
-1.390380859375000000e-01
-1.396484375000000000e-01
-1.400146484375000000e-01
-1.403808593750000000e-01
-1.408691406250000000e-01
-1.413574218750000000e-01
-1.419677734375000000e-01
-1.428222656250000000e-01
-1.439208984375000000e-01
-1.446533203125000000e-01
-1.451416015625000000e-01
-1.450195312500000000e-01
-1.450195312500000000e-01
-1.450195312500000000e-01
-1.450195312500000000e-01
-1.447753906250000000e-01
-1.442871093750000000e-01
-1.437988281250000000e-01
-1.429443359375000000e-01
-1.424560546875000000e-01
-1.420898437500000000e-01
-1.417236328125000000e-01
-1.412353515625000000e-01
-1.406250000000000000e-01
-1.396484375000000000e-01
-1.387939453125000000e-01
-1.383056640625000000e-01
-1.381835937500000000e-01
-1.383056640625000000e-01
-1.383056640625000000e-01
-1.381835937500000000e-01
-1.379394531250000000e-01
-1.375732421875000000e-01
-1.372070312500000000e-01
-1.369628906250000000e-01
-1.367187500000000000e-01
-1.365966796875000000e-01
-1.363525390625000000e-01
-1.359863281250000000e-01
-1.351318359375000000e-01
-1.343994140625000000e-01
-1.335449218750000000e-01
-1.326904296875000000e-01
-1.323242187500000000e-01
-1.319580078125000000e-01
-1.320800781250000000e-01
-1.326904296875000000e-01
-1.341552734375000000e-01
-1.363525390625000000e-01
-1.386718750000000000e-01
-1.411132812500000000e-01
-1.430664062500000000e-01
-1.436767578125000000e-01
-1.436767578125000000e-01
-1.424560546875000000e-01
-1.414794921875000000e-01
-1.403808593750000000e-01
-1.396484375000000000e-01
-1.400146484375000000e-01
-1.405029296875000000e-01
-1.412353515625000000e-01
-1.418457031250000000e-01
-1.422119140625000000e-01
-1.425781250000000000e-01
-1.427001953125000000e-01
-1.429443359375000000e-01
-1.429443359375000000e-01
-1.428222656250000000e-01
-1.427001953125000000e-01
-1.423339843750000000e-01
-1.417236328125000000e-01
-1.411132812500000000e-01
-1.408691406250000000e-01
-1.407470703125000000e-01
-1.407470703125000000e-01
-1.409912109375000000e-01
-1.413574218750000000e-01
-1.417236328125000000e-01
-1.419677734375000000e-01
-1.427001953125000000e-01
-1.434326171875000000e-01
-1.437988281250000000e-01
-1.436767578125000000e-01
-1.436767578125000000e-01
-1.431884765625000000e-01
-1.425781250000000000e-01
-1.417236328125000000e-01
-1.411132812500000000e-01
-1.405029296875000000e-01
-1.397705078125000000e-01
-1.394042968750000000e-01
-1.392822265625000000e-01
-1.391601562500000000e-01
-1.391601562500000000e-01
-1.389160156250000000e-01
-1.384277343750000000e-01
-1.378173828125000000e-01
-1.372070312500000000e-01
-1.367187500000000000e-01
-1.361083984375000000e-01
-1.353759765625000000e-01
-1.348876953125000000e-01
-1.345214843750000000e-01
-1.343994140625000000e-01
-1.342773437500000000e-01
-1.343994140625000000e-01
-1.347656250000000000e-01
-1.353759765625000000e-01
-1.363525390625000000e-01
-1.375732421875000000e-01
-1.391601562500000000e-01
-1.408691406250000000e-01
-1.417236328125000000e-01
-1.423339843750000000e-01
-1.416015625000000000e-01
-1.407470703125000000e-01
-1.397705078125000000e-01
-1.391601562500000000e-01
-1.392822265625000000e-01
-1.394042968750000000e-01
-1.395263671875000000e-01
-1.395263671875000000e-01
-1.395263671875000000e-01
-1.396484375000000000e-01
-1.397705078125000000e-01
-1.401367187500000000e-01
-1.405029296875000000e-01
-1.408691406250000000e-01
-1.412353515625000000e-01
-1.414794921875000000e-01
-1.417236328125000000e-01
-1.417236328125000000e-01
-1.419677734375000000e-01
-1.420898437500000000e-01
-1.419677734375000000e-01
-1.417236328125000000e-01
-1.413574218750000000e-01
-1.411132812500000000e-01
-1.405029296875000000e-01
-1.403808593750000000e-01
-1.403808593750000000e-01
-1.402587890625000000e-01
-1.398925781250000000e-01
-1.395263671875000000e-01
-1.386718750000000000e-01
-1.376953125000000000e-01
-1.368408203125000000e-01
-1.363525390625000000e-01
-1.362304687500000000e-01
-1.362304687500000000e-01
-1.367187500000000000e-01
-1.373291015625000000e-01
-1.375732421875000000e-01
-1.375732421875000000e-01
-1.372070312500000000e-01
-1.369628906250000000e-01
-1.368408203125000000e-01
-1.368408203125000000e-01
-1.369628906250000000e-01
-1.369628906250000000e-01
-1.368408203125000000e-01
-1.367187500000000000e-01
-1.364746093750000000e-01
-1.363525390625000000e-01
-1.362304687500000000e-01
-1.359863281250000000e-01
-1.361083984375000000e-01
-1.364746093750000000e-01
-1.370849609375000000e-01
-1.375732421875000000e-01
-1.379394531250000000e-01
-1.383056640625000000e-01
-1.384277343750000000e-01
-1.386718750000000000e-01
-1.378173828125000000e-01
-1.370849609375000000e-01
-1.363525390625000000e-01
-1.359863281250000000e-01
-1.362304687500000000e-01
-1.365966796875000000e-01
-1.372070312500000000e-01
-1.379394531250000000e-01
-1.386718750000000000e-01
-1.394042968750000000e-01
-1.398925781250000000e-01
-1.405029296875000000e-01
-1.408691406250000000e-01
-1.411132812500000000e-01
-1.413574218750000000e-01
-1.412353515625000000e-01
-1.409912109375000000e-01
-1.406250000000000000e-01
-1.403808593750000000e-01
-1.400146484375000000e-01
-1.392822265625000000e-01
-1.383056640625000000e-01
-1.374511718750000000e-01
-1.367187500000000000e-01
-1.356201171875000000e-01
-1.351318359375000000e-01
-1.348876953125000000e-01
-1.347656250000000000e-01
-1.346435546875000000e-01
-1.347656250000000000e-01
-1.346435546875000000e-01
-1.346435546875000000e-01
-1.343994140625000000e-01
-1.342773437500000000e-01
-1.341552734375000000e-01
-1.339111328125000000e-01
-1.334228515625000000e-01
-1.331787109375000000e-01
-1.330566406250000000e-01
-1.326904296875000000e-01
-1.320800781250000000e-01
-1.313476562500000000e-01
-1.307373046875000000e-01
-1.302490234375000000e-01
-1.298828125000000000e-01
-1.295166015625000000e-01
-1.291503906250000000e-01
-1.287841796875000000e-01
-1.286621093750000000e-01
-1.289062500000000000e-01
-1.292724609375000000e-01
-1.297607421875000000e-01
-1.303710937500000000e-01
-1.307373046875000000e-01
-1.313476562500000000e-01
-1.323242187500000000e-01
-1.335449218750000000e-01
-1.348876953125000000e-01
-1.357421875000000000e-01
-1.363525390625000000e-01
-1.357421875000000000e-01
-1.350097656250000000e-01
-1.340332031250000000e-01
-1.330566406250000000e-01
-1.324462890625000000e-01
-1.318359375000000000e-01
-1.317138671875000000e-01
-1.317138671875000000e-01
-1.318359375000000000e-01
-1.320800781250000000e-01
-1.324462890625000000e-01
-1.329345703125000000e-01
-1.335449218750000000e-01
-1.341552734375000000e-01
-1.347656250000000000e-01
-1.352539062500000000e-01
-1.357421875000000000e-01
-1.359863281250000000e-01
-1.359863281250000000e-01
-1.356201171875000000e-01
-1.348876953125000000e-01
-1.340332031250000000e-01
-1.333007812500000000e-01
-1.330566406250000000e-01
-1.328125000000000000e-01
-1.328125000000000000e-01
-1.329345703125000000e-01
-1.328125000000000000e-01
-1.325683593750000000e-01
-1.325683593750000000e-01
-1.323242187500000000e-01
-1.322021484375000000e-01
-1.319580078125000000e-01
-1.318359375000000000e-01
-1.317138671875000000e-01
-1.315917968750000000e-01
-1.315917968750000000e-01
-1.315917968750000000e-01
-1.314697265625000000e-01
-1.312255859375000000e-01
-1.308593750000000000e-01
-1.303710937500000000e-01
-1.300048828125000000e-01
-1.297607421875000000e-01
-1.293945312500000000e-01
-1.287841796875000000e-01
-1.280517578125000000e-01
-1.273193359375000000e-01
-1.268310546875000000e-01
-1.265869140625000000e-01
-1.265869140625000000e-01
-1.265869140625000000e-01
-1.268310546875000000e-01
-1.271972656250000000e-01
-1.276855468750000000e-01
-1.284179687500000000e-01
-1.295166015625000000e-01
-1.307373046875000000e-01
-1.314697265625000000e-01
-1.322021484375000000e-01
-1.322021484375000000e-01
-1.320800781250000000e-01
-1.317138671875000000e-01
-1.313476562500000000e-01
-1.311035156250000000e-01
-1.308593750000000000e-01
-1.306152343750000000e-01
-1.304931640625000000e-01
-1.307373046875000000e-01
-1.309814453125000000e-01
-1.311035156250000000e-01
-1.313476562500000000e-01
-1.315917968750000000e-01
-1.319580078125000000e-01
-1.323242187500000000e-01
-1.328125000000000000e-01
-1.333007812500000000e-01
-1.336669921875000000e-01
-1.341552734375000000e-01
-1.343994140625000000e-01
-1.342773437500000000e-01
-1.340332031250000000e-01
-1.337890625000000000e-01
-1.336669921875000000e-01
-1.334228515625000000e-01
-1.334228515625000000e-01
-1.335449218750000000e-01
-1.335449218750000000e-01
-1.333007812500000000e-01
-1.331787109375000000e-01
-1.330566406250000000e-01
-1.331787109375000000e-01
-1.333007812500000000e-01
-1.336669921875000000e-01
-1.341552734375000000e-01
-1.346435546875000000e-01
-1.351318359375000000e-01
-1.351318359375000000e-01
-1.347656250000000000e-01
-1.340332031250000000e-01
-1.331787109375000000e-01
-1.324462890625000000e-01
-1.318359375000000000e-01
-1.313476562500000000e-01
-1.308593750000000000e-01
-1.304931640625000000e-01
-1.303710937500000000e-01
-1.304931640625000000e-01
-1.307373046875000000e-01
-1.311035156250000000e-01
-1.314697265625000000e-01
-1.317138671875000000e-01
-1.319580078125000000e-01
-1.319580078125000000e-01
-1.320800781250000000e-01
-1.322021484375000000e-01
-1.324462890625000000e-01
-1.330566406250000000e-01
-1.337890625000000000e-01
-1.347656250000000000e-01
-1.350097656250000000e-01
-1.348876953125000000e-01
-1.345214843750000000e-01
-1.342773437500000000e-01
-1.340332031250000000e-01
-1.336669921875000000e-01
-1.334228515625000000e-01
-1.333007812500000000e-01
-1.333007812500000000e-01
-1.333007812500000000e-01
-1.331787109375000000e-01
-1.331787109375000000e-01
-1.333007812500000000e-01
-1.335449218750000000e-01
-1.339111328125000000e-01
-1.342773437500000000e-01
-1.346435546875000000e-01
-1.348876953125000000e-01
-1.352539062500000000e-01
-1.353759765625000000e-01
-1.353759765625000000e-01
-1.353759765625000000e-01
-1.353759765625000000e-01
-1.353759765625000000e-01
-1.352539062500000000e-01
-1.353759765625000000e-01
-1.354980468750000000e-01
-1.353759765625000000e-01
-1.348876953125000000e-01
-1.345214843750000000e-01
-1.340332031250000000e-01
-1.336669921875000000e-01
-1.334228515625000000e-01
-1.333007812500000000e-01
-1.331787109375000000e-01
-1.329345703125000000e-01
-1.326904296875000000e-01
-1.323242187500000000e-01
-1.320800781250000000e-01
-1.318359375000000000e-01
-1.315917968750000000e-01
-1.314697265625000000e-01
-1.312255859375000000e-01
-1.309814453125000000e-01
-1.308593750000000000e-01
-1.307373046875000000e-01
-1.306152343750000000e-01
-1.306152343750000000e-01
-1.307373046875000000e-01
-1.308593750000000000e-01
-1.308593750000000000e-01
-1.308593750000000000e-01
-1.309814453125000000e-01
-1.309814453125000000e-01
-1.309814453125000000e-01
-1.309814453125000000e-01
-1.311035156250000000e-01
-1.314697265625000000e-01
-1.317138671875000000e-01
-1.320800781250000000e-01
-1.318359375000000000e-01
-1.314697265625000000e-01
-1.311035156250000000e-01
-1.307373046875000000e-01
-1.306152343750000000e-01
-1.304931640625000000e-01
-1.304931640625000000e-01
-1.304931640625000000e-01
-1.304931640625000000e-01
-1.306152343750000000e-01
-1.307373046875000000e-01
-1.309814453125000000e-01
-1.312255859375000000e-01
-1.314697265625000000e-01
-1.317138671875000000e-01
-1.317138671875000000e-01
-1.317138671875000000e-01
-1.315917968750000000e-01
-1.315917968750000000e-01
-1.315917968750000000e-01
-1.313476562500000000e-01
-1.311035156250000000e-01
-1.309814453125000000e-01
-1.309814453125000000e-01
-1.308593750000000000e-01
-1.308593750000000000e-01
-1.307373046875000000e-01
-1.303710937500000000e-01
-1.298828125000000000e-01
-1.295166015625000000e-01
-1.291503906250000000e-01
-1.289062500000000000e-01
-1.287841796875000000e-01
-1.286621093750000000e-01
-1.285400390625000000e-01
-1.282958984375000000e-01
-1.280517578125000000e-01
-1.278076171875000000e-01
-1.275634765625000000e-01
-1.273193359375000000e-01
-1.270751953125000000e-01
-1.269531250000000000e-01
-1.269531250000000000e-01
-1.269531250000000000e-01
-1.269531250000000000e-01
-1.267089843750000000e-01
-1.264648437500000000e-01
-1.263427734375000000e-01
-1.260986328125000000e-01
-1.259765625000000000e-01
-1.258544921875000000e-01
-1.258544921875000000e-01
-1.260986328125000000e-01
-1.264648437500000000e-01
-1.269531250000000000e-01
-1.274414062500000000e-01
-1.278076171875000000e-01
-1.280517578125000000e-01
-1.281738281250000000e-01
-1.281738281250000000e-01
-1.278076171875000000e-01
-1.274414062500000000e-01
-1.270751953125000000e-01
-1.267089843750000000e-01
-1.265869140625000000e-01
-1.264648437500000000e-01
-1.265869140625000000e-01
-1.268310546875000000e-01
-1.270751953125000000e-01
-1.273193359375000000e-01
-1.275634765625000000e-01
-1.276855468750000000e-01
-1.278076171875000000e-01
-1.279296875000000000e-01
-1.280517578125000000e-01
-1.281738281250000000e-01
-1.282958984375000000e-01
-1.282958984375000000e-01
-1.282958984375000000e-01
-1.282958984375000000e-01
-1.281738281250000000e-01
-1.280517578125000000e-01
-1.280517578125000000e-01
-1.279296875000000000e-01
-1.276855468750000000e-01
-1.275634765625000000e-01
-1.274414062500000000e-01
-1.271972656250000000e-01
-1.268310546875000000e-01
-1.265869140625000000e-01
-1.263427734375000000e-01
-1.262207031250000000e-01
-1.260986328125000000e-01
-1.260986328125000000e-01
-1.260986328125000000e-01
-1.260986328125000000e-01
-1.259765625000000000e-01
-1.258544921875000000e-01
-1.257324218750000000e-01
-1.257324218750000000e-01
-1.257324218750000000e-01
-1.256103515625000000e-01
-1.253662109375000000e-01
-1.251220703125000000e-01
-1.248779296875000000e-01
-1.246948242187500000e-01
-1.245727539062500000e-01
-1.245727539062500000e-01
-1.246948242187500000e-01
-1.248779296875000000e-01
-1.250000000000000000e-01
-1.251220703125000000e-01
-1.253662109375000000e-01
-1.256103515625000000e-01
-1.258544921875000000e-01
-1.259765625000000000e-01
-1.262207031250000000e-01
-1.263427734375000000e-01
-1.262207031250000000e-01
-1.260986328125000000e-01
-1.254882812500000000e-01
-1.249389648437500000e-01
-1.243896484375000000e-01
-1.240234375000000000e-01
-1.239624023437500000e-01
-1.240844726562500000e-01
-1.243896484375000000e-01
-1.247558593750000000e-01
-1.252441406250000000e-01
-1.257324218750000000e-01
-1.260986328125000000e-01
-1.263427734375000000e-01
-1.264648437500000000e-01
-1.265869140625000000e-01
-1.267089843750000000e-01
-1.267089843750000000e-01
-1.267089843750000000e-01
-1.265869140625000000e-01
-1.265869140625000000e-01
-1.265869140625000000e-01
-1.263427734375000000e-01
-1.260986328125000000e-01
-1.258544921875000000e-01
-1.256103515625000000e-01
-1.253662109375000000e-01
-1.252441406250000000e-01
-1.253662109375000000e-01
-1.254882812500000000e-01
-1.256103515625000000e-01
-1.258544921875000000e-01
-1.260986328125000000e-01
-1.263427734375000000e-01
-1.263427734375000000e-01
-1.262207031250000000e-01
-1.260986328125000000e-01
-1.258544921875000000e-01
-1.256103515625000000e-01
-1.254882812500000000e-01
-1.253662109375000000e-01
-1.253662109375000000e-01
-1.253662109375000000e-01
-1.253662109375000000e-01
-1.253662109375000000e-01
-1.253662109375000000e-01
-1.253662109375000000e-01
-1.253662109375000000e-01
-1.253662109375000000e-01
-1.253662109375000000e-01
-1.253662109375000000e-01
-1.253662109375000000e-01
-1.253662109375000000e-01
-1.254882812500000000e-01
-1.256103515625000000e-01
-1.258544921875000000e-01
-1.262207031250000000e-01
-1.265869140625000000e-01
-1.270751953125000000e-01
-1.275634765625000000e-01
-1.280517578125000000e-01
-1.285400390625000000e-01
-1.286621093750000000e-01
-1.287841796875000000e-01
-1.289062500000000000e-01
-1.291503906250000000e-01
-1.295166015625000000e-01
-1.298828125000000000e-01
-1.303710937500000000e-01
-1.307373046875000000e-01
-1.311035156250000000e-01
-1.314697265625000000e-01
-1.318359375000000000e-01
-1.322021484375000000e-01
-1.325683593750000000e-01
-1.329345703125000000e-01
-1.333007812500000000e-01
-1.335449218750000000e-01
-1.337890625000000000e-01
-1.340332031250000000e-01
-1.342773437500000000e-01
-1.345214843750000000e-01
-1.346435546875000000e-01
-1.347656250000000000e-01
-1.348876953125000000e-01
-1.350097656250000000e-01
-1.351318359375000000e-01
-1.352539062500000000e-01
-1.353759765625000000e-01
-1.354980468750000000e-01
-1.356201171875000000e-01
-1.357421875000000000e-01
-1.357421875000000000e-01
-1.358642578125000000e-01
-1.358642578125000000e-01
-1.358642578125000000e-01
-1.358642578125000000e-01
-1.358642578125000000e-01
-1.358642578125000000e-01
-1.358642578125000000e-01
-1.358642578125000000e-01
-1.358642578125000000e-01
-1.358642578125000000e-01
-1.358642578125000000e-01
-1.358642578125000000e-01
-1.358642578125000000e-01
-1.358642578125000000e-01
-1.358642578125000000e-01
-1.358642578125000000e-01
-1.358642578125000000e-01
-1.358642578125000000e-01
-1.358642578125000000e-01
-1.358642578125000000e-01
-1.358642578125000000e-01
-1.359863281250000000e-01
-1.362304687500000000e-01
-1.365966796875000000e-01
-1.369628906250000000e-01
-1.373291015625000000e-01
-1.376953125000000000e-01
-1.380615234375000000e-01
-1.384277343750000000e-01
-1.384277343750000000e-01
-1.385498046875000000e-01
-1.386718750000000000e-01
-1.389160156250000000e-01
-1.392822265625000000e-01
-1.397705078125000000e-01
-1.402587890625000000e-01
-1.406250000000000000e-01
-1.409912109375000000e-01
-1.413574218750000000e-01
-1.417236328125000000e-01
-1.420898437500000000e-01
-1.424560546875000000e-01
-1.428222656250000000e-01
-1.431884765625000000e-01
-1.434326171875000000e-01
-1.436767578125000000e-01
-1.439208984375000000e-01
-1.441650390625000000e-01
-1.444091796875000000e-01
-1.445312500000000000e-01
-1.446533203125000000e-01
-1.447753906250000000e-01
-1.448974609375000000e-01
-1.450195312500000000e-01
-1.451416015625000000e-01
-1.452636718750000000e-01
-1.453857421875000000e-01
-1.453857421875000000e-01
-1.455078125000000000e-01
-1.455078125000000000e-01
-1.456298828125000000e-01
-1.456298828125000000e-01
-1.456298828125000000e-01
-1.456298828125000000e-01
-1.456298828125000000e-01
-1.456298828125000000e-01
-1.456298828125000000e-01
-1.456298828125000000e-01
-1.456298828125000000e-01
-1.456298828125000000e-01
-1.456298828125000000e-01
-1.456298828125000000e-01
-1.456298828125000000e-01
-1.456298828125000000e-01
-1.456298828125000000e-01
-1.456298828125000000e-01
-1.456298828125000000e-01
-1.456298828125000000e-01
-1.456298828125000000e-01
-1.456298828125000000e-01
-1.456298828125000000e-01
-1.457519531250000000e-01
-1.459960937500000000e-01
-1.463623046875000000e-01
-1.467285156250000000e-01
-1.470947265625000000e-01
-1.473388671875000000e-01
-1.475830078125000000e-01
-1.478271484375000000e-01
-1.478271484375000000e-01
-1.479492187500000000e-01
-1.480712890625000000e-01
-1.483154296875000000e-01
-1.486816406250000000e-01
-1.490478515625000000e-01
-1.495361328125000000e-01
-1.499023437500000000e-01
-1.502685546875000000e-01
-1.506347656250000000e-01
-1.510009765625000000e-01
-1.513671875000000000e-01
-1.517333984375000000e-01
-1.520996093750000000e-01
-1.524658203125000000e-01
-1.527099609375000000e-01
-1.529541015625000000e-01
-1.531982421875000000e-01
-1.534423828125000000e-01
-1.536865234375000000e-01
-1.538085937500000000e-01
-1.539306640625000000e-01
-1.540527343750000000e-01
-1.541748046875000000e-01
-1.542968750000000000e-01
-1.544189453125000000e-01
-1.545410156250000000e-01
-1.546630859375000000e-01
-1.546630859375000000e-01
-1.547851562500000000e-01
-1.547851562500000000e-01
-1.547851562500000000e-01
-1.547851562500000000e-01
-1.547851562500000000e-01
-1.547851562500000000e-01
-1.547851562500000000e-01
-1.547851562500000000e-01
-1.547851562500000000e-01
-1.547851562500000000e-01
-1.547851562500000000e-01
-1.547851562500000000e-01
-1.547851562500000000e-01
-1.547851562500000000e-01
-1.547851562500000000e-01
-1.547851562500000000e-01
-1.547851562500000000e-01
-1.547851562500000000e-01
-1.547851562500000000e-01
-1.547851562500000000e-01
-1.547851562500000000e-01
-1.547851562500000000e-01
-1.547851562500000000e-01
-1.549072265625000000e-01
-1.551513671875000000e-01
-1.555175781250000000e-01
-1.558837890625000000e-01
-1.562500000000000000e-01
-1.564941406250000000e-01
-1.567382812500000000e-01
-1.569824218750000000e-01
-1.569824218750000000e-01
-1.571044921875000000e-01
-1.572265625000000000e-01
-1.574707031250000000e-01
-1.578369140625000000e-01
-1.583251953125000000e-01
-1.588134765625000000e-01
-1.591796875000000000e-01
-1.595458984375000000e-01
-1.599121093750000000e-01
-1.602783203125000000e-01
-1.606445312500000000e-01
-1.610107421875000000e-01
-1.613769531250000000e-01
-1.617431640625000000e-01
-1.619873046875000000e-01
-1.622314453125000000e-01
-1.624755859375000000e-01
-1.627197265625000000e-01
-1.629638671875000000e-01
-1.630859375000000000e-01
-1.632080078125000000e-01
-1.633300781250000000e-01
-1.634521484375000000e-01
-1.635742187500000000e-01
-1.636962890625000000e-01
-1.638183593750000000e-01
-1.639404296875000000e-01
-1.639404296875000000e-01
-1.640625000000000000e-01
-1.640625000000000000e-01
-1.640625000000000000e-01
-1.640625000000000000e-01
-1.640625000000000000e-01
-1.640625000000000000e-01
-1.640625000000000000e-01
-1.640625000000000000e-01
-1.640625000000000000e-01
-1.640625000000000000e-01
-1.640625000000000000e-01
-1.640625000000000000e-01
-1.640625000000000000e-01
-1.640625000000000000e-01
-1.640625000000000000e-01
-1.640625000000000000e-01
-1.640625000000000000e-01
-1.640625000000000000e-01
-1.640625000000000000e-01
-1.640625000000000000e-01
-1.640625000000000000e-01
-1.640625000000000000e-01
-1.640625000000000000e-01
-1.641845703125000000e-01
-1.644287109375000000e-01
-1.647949218750000000e-01
-1.651611328125000000e-01
-1.655273437500000000e-01
-1.657714843750000000e-01
-1.660156250000000000e-01
-1.662597656250000000e-01
-1.662597656250000000e-01
-1.663818359375000000e-01
-1.665039062500000000e-01
-1.667480468750000000e-01
-1.671142578125000000e-01
-1.676025390625000000e-01
-1.680908203125000000e-01
-1.684570312500000000e-01
-1.688232421875000000e-01
-1.691894531250000000e-01
-1.695556640625000000e-01
-1.699218750000000000e-01
-1.702880859375000000e-01
-1.706542968750000000e-01
-1.710205078125000000e-01
-1.712646484375000000e-01
-1.715087890625000000e-01
-1.717529296875000000e-01
-1.719970703125000000e-01
-1.722412109375000000e-01
-1.723632812500000000e-01
-1.724853515625000000e-01
-1.726074218750000000e-01
-1.727294921875000000e-01
-1.728515625000000000e-01
-1.729736328125000000e-01
-1.730957031250000000e-01
-1.732177734375000000e-01
-1.732177734375000000e-01
-1.733398437500000000e-01
-1.733398437500000000e-01
-1.733398437500000000e-01
-1.733398437500000000e-01
-1.733398437500000000e-01
-1.733398437500000000e-01
-1.733398437500000000e-01
-1.733398437500000000e-01
-1.733398437500000000e-01
-1.733398437500000000e-01
-1.733398437500000000e-01
-1.733398437500000000e-01
-1.733398437500000000e-01
-1.733398437500000000e-01
-1.733398437500000000e-01
-1.733398437500000000e-01
-1.733398437500000000e-01
-1.733398437500000000e-01
-1.733398437500000000e-01
-1.733398437500000000e-01
-1.733398437500000000e-01
-1.733398437500000000e-01
-1.733398437500000000e-01
-1.734619140625000000e-01
-1.737060546875000000e-01
-1.740722656250000000e-01
-1.744384765625000000e-01
-1.748046875000000000e-01
-1.750488281250000000e-01
-1.752929687500000000e-01
-1.755371093750000000e-01
-1.755371093750000000e-01
-1.756591796875000000e-01
-1.757812500000000000e-01
-1.760253906250000000e-01
-1.763916015625000000e-01
-1.768798828125000000e-01
-1.773681640625000000e-01
-1.777343750000000000e-01
-1.781005859375000000e-01
-1.784667968750000000e-01
-1.788330078125000000e-01
-1.791992187500000000e-01
-1.795654296875000000e-01
-1.799316406250000000e-01
-1.802978515625000000e-01
-1.805419921875000000e-01
-1.807861328125000000e-01
-1.810302734375000000e-01
-1.812744140625000000e-01
-1.815185546875000000e-01
-1.816406250000000000e-01
-1.817626953125000000e-01
-1.818847656250000000e-01
-1.820068359375000000e-01
-1.821289062500000000e-01
-1.822509765625000000e-01
-1.823730468750000000e-01
-1.824951171875000000e-01
-1.824951171875000000e-01
-1.826171875000000000e-01
-1.826171875000000000e-01
-1.827392578125000000e-01
-1.827392578125000000e-01
-1.827392578125000000e-01
-1.827392578125000000e-01
-1.827392578125000000e-01
-1.827392578125000000e-01
-1.827392578125000000e-01
-1.827392578125000000e-01
-1.827392578125000000e-01
-1.827392578125000000e-01
-1.827392578125000000e-01
-1.827392578125000000e-01
-1.827392578125000000e-01
-1.827392578125000000e-01
-1.827392578125000000e-01
-1.827392578125000000e-01
-1.827392578125000000e-01
-1.827392578125000000e-01
-1.827392578125000000e-01
-1.827392578125000000e-01
-1.827392578125000000e-01
-1.828613281250000000e-01
-1.831054687500000000e-01
-1.834716796875000000e-01
-1.838378906250000000e-01
-1.840820312500000000e-01
-1.843261718750000000e-01
-1.845703125000000000e-01
-1.848144531250000000e-01
-1.848144531250000000e-01
-1.849365234375000000e-01
-1.850585937500000000e-01
-1.853027343750000000e-01
-1.856689453125000000e-01
-1.861572265625000000e-01
-1.866455078125000000e-01
-1.871337890625000000e-01
-1.875000000000000000e-01
-1.878662109375000000e-01
-1.882324218750000000e-01
-1.885986328125000000e-01
-1.889648437500000000e-01
-1.893310546875000000e-01
-1.896972656250000000e-01
-1.899414062500000000e-01
-1.901855468750000000e-01
-1.904296875000000000e-01
-1.906738281250000000e-01
-1.909179687500000000e-01
-1.910400390625000000e-01
-1.911621093750000000e-01
-1.912841796875000000e-01
-1.914062500000000000e-01
-1.915283203125000000e-01
-1.916503906250000000e-01
-1.917724609375000000e-01
-1.918945312500000000e-01
-1.918945312500000000e-01
-1.920166015625000000e-01
-1.920166015625000000e-01
-1.920166015625000000e-01
-1.920166015625000000e-01
-1.920166015625000000e-01
-1.920166015625000000e-01
-1.920166015625000000e-01
-1.920166015625000000e-01
-1.920166015625000000e-01
-1.920166015625000000e-01
-1.920166015625000000e-01
-1.920166015625000000e-01
-1.920166015625000000e-01
-1.920166015625000000e-01
-1.920166015625000000e-01
-1.920166015625000000e-01
-1.920166015625000000e-01
-1.920166015625000000e-01
-1.920166015625000000e-01
-1.920166015625000000e-01
-1.920166015625000000e-01
-1.920166015625000000e-01
-1.920166015625000000e-01
-1.921386718750000000e-01
-1.923828125000000000e-01
-1.926269531250000000e-01
-1.928710937500000000e-01
-1.931152343750000000e-01
-1.932373046875000000e-01
-1.934814453125000000e-01
-1.937255859375000000e-01
-1.937255859375000000e-01
-1.938476562500000000e-01
-1.939697265625000000e-01
-1.942138671875000000e-01
-1.945800781250000000e-01
-1.950683593750000000e-01
-1.955566406250000000e-01
-1.960449218750000000e-01
-1.964111328125000000e-01
-1.967773437500000000e-01
-1.971435546875000000e-01
-1.975097656250000000e-01
-1.978759765625000000e-01
-1.982421875000000000e-01
-1.986083984375000000e-01
-1.988525390625000000e-01
-1.990966796875000000e-01
-1.993408203125000000e-01
-1.995849609375000000e-01
-1.998291015625000000e-01
-1.999511718750000000e-01
-2.000732421875000000e-01
-2.001953125000000000e-01
-2.003173828125000000e-01
-2.004394531250000000e-01
-2.005615234375000000e-01
-2.006835937500000000e-01
-2.008056640625000000e-01
-2.008056640625000000e-01
-2.009277343750000000e-01
-2.009277343750000000e-01
-2.010498046875000000e-01
-2.010498046875000000e-01
-2.010498046875000000e-01
-2.010498046875000000e-01
-2.010498046875000000e-01
-2.010498046875000000e-01
-2.010498046875000000e-01
-2.010498046875000000e-01
-2.010498046875000000e-01
-2.010498046875000000e-01
-2.010498046875000000e-01
-2.010498046875000000e-01
-2.010498046875000000e-01
-2.010498046875000000e-01
-2.010498046875000000e-01
-2.010498046875000000e-01
-2.010498046875000000e-01
-2.010498046875000000e-01
-2.010498046875000000e-01
-2.010498046875000000e-01
-2.010498046875000000e-01
-2.011718750000000000e-01
-2.014160156250000000e-01
-2.017822265625000000e-01
-2.021484375000000000e-01
-2.025146484375000000e-01
-2.028808593750000000e-01
-2.032470703125000000e-01
-2.036132812500000000e-01
-2.037353515625000000e-01
-2.039794921875000000e-01
-2.042236328125000000e-01
-2.045898437500000000e-01
-2.050781250000000000e-01
-2.055664062500000000e-01
-2.060546875000000000e-01
-2.065429687500000000e-01
-2.070312500000000000e-01
-2.075195312500000000e-01
-2.080078125000000000e-01
-2.084960937500000000e-01
-2.088623046875000000e-01
-2.092285156250000000e-01
-2.095947265625000000e-01
-2.099609375000000000e-01
-2.103271484375000000e-01
-2.105712890625000000e-01
-2.109375000000000000e-01
-2.111816406250000000e-01
-2.113037109375000000e-01
-2.114257812500000000e-01
-2.115478515625000000e-01
-2.116699218750000000e-01
-2.117919921875000000e-01
-2.119140625000000000e-01
-2.120361328125000000e-01
-2.121582031250000000e-01
-2.122802734375000000e-01
-2.124023437500000000e-01
-2.125244140625000000e-01
-2.126464843750000000e-01
-2.126464843750000000e-01
-2.126464843750000000e-01
-2.126464843750000000e-01
-2.126464843750000000e-01
-2.126464843750000000e-01
-2.126464843750000000e-01
-2.126464843750000000e-01
-2.126464843750000000e-01
-2.126464843750000000e-01
-2.126464843750000000e-01
-2.126464843750000000e-01
-2.126464843750000000e-01
-2.126464843750000000e-01
-2.126464843750000000e-01
-2.126464843750000000e-01
-2.126464843750000000e-01
-2.126464843750000000e-01
-2.126464843750000000e-01
-2.126464843750000000e-01
-2.126464843750000000e-01
-2.127685546875000000e-01
-2.130126953125000000e-01
-2.133789062500000000e-01
-2.138671875000000000e-01
-2.143554687500000000e-01
-2.147216796875000000e-01
-2.150878906250000000e-01
-2.154541015625000000e-01
-2.155761718750000000e-01
-2.158203125000000000e-01
-2.160644531250000000e-01
-2.164306640625000000e-01
-2.169189453125000000e-01
-2.175292968750000000e-01
-2.181396484375000000e-01
-2.186279296875000000e-01
-2.191162109375000000e-01
-2.196044921875000000e-01
-2.200927734375000000e-01
-2.205810546875000000e-01
-2.209472656250000000e-01
-2.213134765625000000e-01
-2.216796875000000000e-01
-2.220458984375000000e-01
-2.224121093750000000e-01
-2.226562500000000000e-01
-2.229003906250000000e-01
-2.231445312500000000e-01
-2.232666015625000000e-01
-2.233886718750000000e-01
-2.235107421875000000e-01
-2.236328125000000000e-01
-2.237548828125000000e-01
-2.238769531250000000e-01
-2.239990234375000000e-01
-2.241210937500000000e-01
-2.242431640625000000e-01
-2.243652343750000000e-01
-2.244873046875000000e-01
-2.246093750000000000e-01
-2.246093750000000000e-01
-2.246093750000000000e-01
-2.246093750000000000e-01
-2.246093750000000000e-01
-2.246093750000000000e-01
-2.246093750000000000e-01
-2.246093750000000000e-01
-2.246093750000000000e-01
-2.246093750000000000e-01
-2.246093750000000000e-01
-2.246093750000000000e-01
-2.246093750000000000e-01
-2.246093750000000000e-01
-2.246093750000000000e-01
-2.246093750000000000e-01
-2.246093750000000000e-01
-2.246093750000000000e-01
-2.246093750000000000e-01
-2.246093750000000000e-01
-2.246093750000000000e-01
-2.247314453125000000e-01
-2.249755859375000000e-01
-2.254638671875000000e-01
-2.259521484375000000e-01
-2.264404296875000000e-01
-2.269287109375000000e-01
-2.274169921875000000e-01
-2.279052734375000000e-01
-2.280273437500000000e-01
-2.282714843750000000e-01
-2.285156250000000000e-01
-2.288818359375000000e-01
-2.293701171875000000e-01
-2.298583984375000000e-01
-2.304687500000000000e-01
-2.309570312500000000e-01
-2.314453125000000000e-01
-2.319335937500000000e-01
-2.324218750000000000e-01
-2.329101562500000000e-01
-2.332763671875000000e-01
-2.336425781250000000e-01
-2.340087890625000000e-01
-2.343750000000000000e-01
-2.347412109375000000e-01
-2.349853515625000000e-01
-2.353515625000000000e-01
-2.355957031250000000e-01
-2.357177734375000000e-01
-2.358398437500000000e-01
-2.360839843750000000e-01
-2.362060546875000000e-01
-2.363281250000000000e-01
-2.365722656250000000e-01
-2.368164062500000000e-01
-2.369384765625000000e-01
-2.370605468750000000e-01
-2.371826171875000000e-01
-2.373046875000000000e-01
-2.374267578125000000e-01
-2.375488281250000000e-01
-2.375488281250000000e-01
-2.376708984375000000e-01
-2.376708984375000000e-01
-2.377929687500000000e-01
-2.379150390625000000e-01
-2.380371093750000000e-01
-2.381591796875000000e-01
