-1.678466796875000000e-04
-4.711151123046875000e-04
-8.263587951660156250e-04
-1.036643981933593750e-03
-1.783370971679687500e-03
-2.500534057617187500e-03
-3.101348876953125000e-03
-3.734588623046875000e-03
-4.169464111328125000e-03
-4.585266113281250000e-03
-5.393981933593750000e-03
-5.653381347656250000e-03
-5.634307861328125000e-03
-3.547668457031250000e-03
-1.937866210937500000e-03
-8.544921875000000000e-04
1.573562622070312500e-04
1.667022705078125000e-03
2.979278564453125000e-03
4.219055175781250000e-03
5.279541015625000000e-03
5.516052246093750000e-03
5.046844482421875000e-03
4.486083984375000000e-03
5.958557128906250000e-03
8.277893066406250000e-03
1.097106933593750000e-02
1.322937011718750000e-02
1.510620117187500000e-02
1.713562011718750000e-02
1.870727539062500000e-02
2.005004882812500000e-02
2.137756347656250000e-02
2.258300781250000000e-02
2.389526367187500000e-02
2.507019042968750000e-02
2.603149414062500000e-02
2.684020996093750000e-02
2.745056152343750000e-02
2.795410156250000000e-02
2.819824218750000000e-02
2.818298339843750000e-02
2.833557128906250000e-02
2.877807617187500000e-02
2.883911132812500000e-02
2.893066406250000000e-02
2.920532226562500000e-02
2.944946289062500000e-02
2.969360351562500000e-02
3.010559082031250000e-02
3.038024902343750000e-02
3.048706054687500000e-02
3.067016601562500000e-02
3.063964843750000000e-02
3.099060058593750000e-02
3.158569335937500000e-02
3.237915039062500000e-02
3.350830078125000000e-02
3.469848632812500000e-02
3.497314453125000000e-02
3.448486328125000000e-02
3.372192382812500000e-02
3.350830078125000000e-02
3.347778320312500000e-02
3.387451171875000000e-02
3.402709960937500000e-02
3.366088867187500000e-02
3.344726562500000000e-02
3.378295898437500000e-02
3.390502929687500000e-02
3.353881835937500000e-02
3.323364257812500000e-02
3.271484375000000000e-02
3.179931640625000000e-02
3.022766113281250000e-02
2.870178222656250000e-02
2.796936035156250000e-02
2.742004394531250000e-02
2.694702148437500000e-02
2.653503417968750000e-02
2.601623535156250000e-02
2.575683593750000000e-02
2.525329589843750000e-02
2.507019042968750000e-02
2.578735351562500000e-02
2.662658691406250000e-02
2.694702148437500000e-02
2.655029296875000000e-02
2.571105957031250000e-02
2.532958984375000000e-02
2.525329589843750000e-02
2.500915527343750000e-02
2.470397949218750000e-02
2.432250976562500000e-02
2.420043945312500000e-02
2.420043945312500000e-02
2.413940429687500000e-02
2.366638183593750000e-02
2.326965332031250000e-02
2.276611328125000000e-02
2.236938476562500000e-02
2.244567871093750000e-02
2.293395996093750000e-02
2.317810058593750000e-02
2.307128906250000000e-02
2.308654785156250000e-02
2.322387695312500000e-02
2.316284179687500000e-02
2.319335937500000000e-02
2.355957031250000000e-02
2.424621582031250000e-02
2.478027343750000000e-02
2.502441406250000000e-02
2.449035644531250000e-02
2.375793457031250000e-02
2.314758300781250000e-02
2.279663085937500000e-02
2.262878417968750000e-02
2.252197265625000000e-02
2.210998535156250000e-02
2.151489257812500000e-02
2.081298828125000000e-02
2.023315429687500000e-02
1.977539062500000000e-02
1.928710937500000000e-02
1.879882812500000000e-02
1.829528808593750000e-02
1.797485351562500000e-02
1.797485351562500000e-02
1.800537109375000000e-02
1.799011230468750000e-02
1.824951171875000000e-02
1.853942871093750000e-02
1.911926269531250000e-02
1.983642578125000000e-02
2.087402343750000000e-02
2.230834960937500000e-02
2.372741699218750000e-02
2.496337890625000000e-02
2.618408203125000000e-02
2.700805664062500000e-02
2.748107910156250000e-02
2.752685546875000000e-02
2.803039550781250000e-02
2.937316894531250000e-02
3.111267089843750000e-02
3.268432617187500000e-02
3.326416015625000000e-02
3.369140625000000000e-02
3.451538085937500000e-02
3.561401367187500000e-02
3.646850585937500000e-02
3.717041015625000000e-02
3.747558593750000000e-02
3.753662109375000000e-02
3.747558593750000000e-02
3.747558593750000000e-02
3.750610351562500000e-02
3.787231445312500000e-02
3.842163085937500000e-02
3.897094726562500000e-02
3.927612304687500000e-02
3.933715820312500000e-02
3.912353515625000000e-02
3.884887695312500000e-02
3.881835937500000000e-02
3.927612304687500000e-02
3.979492187500000000e-02
4.040527343750000000e-02
4.135131835937500000e-02
4.248046875000000000e-02
4.351806640625000000e-02
4.434204101562500000e-02
4.504394531250000000e-02
4.589843750000000000e-02
4.678344726562500000e-02
4.745483398437500000e-02
4.812622070312500000e-02
4.888916015625000000e-02
4.977416992187500000e-02
4.986572265625000000e-02
4.910278320312500000e-02
4.776000976562500000e-02
4.635620117187500000e-02
4.528808593750000000e-02
4.483032226562500000e-02
4.452514648437500000e-02
4.458618164062500000e-02
4.492187500000000000e-02
4.498291015625000000e-02
4.513549804687500000e-02
4.553222656250000000e-02
4.614257812500000000e-02
4.727172851562500000e-02
4.891967773437500000e-02
5.053710937500000000e-02
5.236816406250000000e-02
5.404663085937500000e-02
5.529785156250000000e-02
5.627441406250000000e-02
5.685424804687500000e-02
5.694580078125000000e-02
5.722045898437500000e-02
5.813598632812500000e-02
5.911254882812500000e-02
6.005859375000000000e-02
6.091308593750000000e-02
6.152343750000000000e-02
6.219482421875000000e-02
6.304931640625000000e-02
6.372070312500000000e-02
6.433105468750000000e-02
6.481933593750000000e-02
6.530761718750000000e-02
6.597900390625000000e-02
6.713867187500000000e-02
6.842041015625000000e-02
6.976318359375000000e-02
7.104492187500000000e-02
7.196044921875000000e-02
7.244873046875000000e-02
7.263183593750000000e-02
7.287597656250000000e-02
7.324218750000000000e-02
7.385253906250000000e-02
7.458496093750000000e-02
7.525634765625000000e-02
7.543945312500000000e-02
7.525634765625000000e-02
7.543945312500000000e-02
7.604980468750000000e-02
7.702636718750000000e-02
7.794189453125000000e-02
7.861328125000000000e-02
7.940673828125000000e-02
8.020019531250000000e-02
8.056640625000000000e-02
8.056640625000000000e-02
8.050537109375000000e-02
8.038330078125000000e-02
8.020019531250000000e-02
7.989501953125000000e-02
7.928466796875000000e-02
7.867431640625000000e-02
7.818603515625000000e-02
7.788085937500000000e-02
7.763671875000000000e-02
7.788085937500000000e-02
7.879638671875000000e-02
7.971191406250000000e-02
8.062744140625000000e-02
8.190917968750000000e-02
8.355712890625000000e-02
8.605957031250000000e-02
9.002685546875000000e-02
9.448242187500000000e-02
9.857177734375000000e-02
1.018066406250000000e-01
1.039428710937500000e-01
1.053466796875000000e-01
1.060791015625000000e-01
1.063232421875000000e-01
1.066894531250000000e-01
1.072998046875000000e-01
1.081542968750000000e-01
1.090698242187500000e-01
1.100463867187500000e-01
1.105957031250000000e-01
1.113281250000000000e-01
1.123657226562500000e-01
1.135864257812500000e-01
1.148071289062500000e-01
1.160278320312500000e-01
1.171875000000000000e-01
1.182861328125000000e-01
1.193237304687500000e-01
1.204223632812500000e-01
1.214599609375000000e-01
1.224975585937500000e-01
1.234741210937500000e-01
1.243286132812500000e-01
1.251220703125000000e-01
1.258544921875000000e-01
1.265869140625000000e-01
1.271972656250000000e-01
1.275634765625000000e-01
1.276855468750000000e-01
1.276855468750000000e-01
1.276855468750000000e-01
1.278076171875000000e-01
1.280517578125000000e-01
1.284179687500000000e-01
1.289062500000000000e-01
1.295166015625000000e-01
1.301269531250000000e-01
1.306152343750000000e-01
1.313476562500000000e-01
1.322021484375000000e-01
1.330566406250000000e-01
1.336669921875000000e-01
1.339111328125000000e-01
1.340332031250000000e-01
1.341552734375000000e-01
1.341552734375000000e-01
1.340332031250000000e-01
1.339111328125000000e-01
1.339111328125000000e-01
1.340332031250000000e-01
1.340332031250000000e-01
1.337890625000000000e-01
1.335449218750000000e-01
1.335449218750000000e-01
1.336669921875000000e-01
1.340332031250000000e-01
1.343994140625000000e-01
1.347656250000000000e-01
1.351318359375000000e-01
1.352539062500000000e-01
1.351318359375000000e-01
1.350097656250000000e-01
1.348876953125000000e-01
1.348876953125000000e-01
1.350097656250000000e-01
1.353759765625000000e-01
1.357421875000000000e-01
1.362304687500000000e-01
1.365966796875000000e-01
1.367187500000000000e-01
1.367187500000000000e-01
1.367187500000000000e-01
1.365966796875000000e-01
1.364746093750000000e-01
1.363525390625000000e-01
1.363525390625000000e-01
1.364746093750000000e-01
1.368408203125000000e-01
1.374511718750000000e-01
1.380615234375000000e-01
1.387939453125000000e-01
1.392822265625000000e-01
1.395263671875000000e-01
1.396484375000000000e-01
1.396484375000000000e-01
1.396484375000000000e-01
1.395263671875000000e-01
1.394042968750000000e-01
1.392822265625000000e-01
1.390380859375000000e-01
1.390380859375000000e-01
1.392822265625000000e-01
1.392822265625000000e-01
1.391601562500000000e-01
1.389160156250000000e-01
1.384277343750000000e-01
1.380615234375000000e-01
1.378173828125000000e-01
1.375732421875000000e-01
1.373291015625000000e-01
1.370849609375000000e-01
1.367187500000000000e-01
1.363525390625000000e-01
1.361083984375000000e-01
1.361083984375000000e-01
1.362304687500000000e-01
1.364746093750000000e-01
1.365966796875000000e-01
1.367187500000000000e-01
1.367187500000000000e-01
1.365966796875000000e-01
1.363525390625000000e-01
1.361083984375000000e-01
1.358642578125000000e-01
1.357421875000000000e-01
1.358642578125000000e-01
1.358642578125000000e-01
1.357421875000000000e-01
1.358642578125000000e-01
1.361083984375000000e-01
1.361083984375000000e-01
1.358642578125000000e-01
1.354980468750000000e-01
1.352539062500000000e-01
1.352539062500000000e-01
1.357421875000000000e-01
1.363525390625000000e-01
1.372070312500000000e-01
1.380615234375000000e-01
1.385498046875000000e-01
1.385498046875000000e-01
1.385498046875000000e-01
1.383056640625000000e-01
1.381835937500000000e-01
1.381835937500000000e-01
1.381835937500000000e-01
1.381835937500000000e-01
1.380615234375000000e-01
1.379394531250000000e-01
1.379394531250000000e-01
1.380615234375000000e-01
1.383056640625000000e-01
1.385498046875000000e-01
1.387939453125000000e-01
1.390380859375000000e-01
1.391601562500000000e-01
1.392822265625000000e-01
1.394042968750000000e-01
1.395263671875000000e-01
1.395263671875000000e-01
1.395263671875000000e-01
1.395263671875000000e-01
1.395263671875000000e-01
1.392822265625000000e-01
1.390380859375000000e-01
1.389160156250000000e-01
1.389160156250000000e-01
1.387939453125000000e-01
1.385498046875000000e-01
1.383056640625000000e-01
1.381835937500000000e-01
1.380615234375000000e-01
1.379394531250000000e-01
1.378173828125000000e-01
1.376953125000000000e-01
1.378173828125000000e-01
1.379394531250000000e-01
1.380615234375000000e-01
1.380615234375000000e-01
1.380615234375000000e-01
1.384277343750000000e-01
1.387939453125000000e-01
1.390380859375000000e-01
1.390380859375000000e-01
1.390380859375000000e-01
1.390380859375000000e-01
1.386718750000000000e-01
1.381835937500000000e-01
1.378173828125000000e-01
1.375732421875000000e-01
1.370849609375000000e-01
1.364746093750000000e-01
1.357421875000000000e-01
1.351318359375000000e-01
1.347656250000000000e-01
1.347656250000000000e-01
1.351318359375000000e-01
1.358642578125000000e-01
1.367187500000000000e-01
1.373291015625000000e-01
1.376953125000000000e-01
1.380615234375000000e-01
1.381835937500000000e-01
1.383056640625000000e-01
1.383056640625000000e-01
1.381835937500000000e-01
1.379394531250000000e-01
1.376953125000000000e-01
1.373291015625000000e-01
1.370849609375000000e-01
1.372070312500000000e-01
1.375732421875000000e-01
1.376953125000000000e-01
1.375732421875000000e-01
1.372070312500000000e-01
1.369628906250000000e-01
1.368408203125000000e-01
1.369628906250000000e-01
1.372070312500000000e-01
1.374511718750000000e-01
1.376953125000000000e-01
1.379394531250000000e-01
1.381835937500000000e-01
1.383056640625000000e-01
1.381835937500000000e-01
1.378173828125000000e-01
1.373291015625000000e-01
1.368408203125000000e-01
1.364746093750000000e-01
1.362304687500000000e-01
1.359863281250000000e-01
1.358642578125000000e-01
1.359863281250000000e-01
1.362304687500000000e-01
1.363525390625000000e-01
1.363525390625000000e-01
1.363525390625000000e-01
1.363525390625000000e-01
1.363525390625000000e-01
1.363525390625000000e-01
1.364746093750000000e-01
1.365966796875000000e-01
1.367187500000000000e-01
1.367187500000000000e-01
1.365966796875000000e-01
1.367187500000000000e-01
1.369628906250000000e-01
1.370849609375000000e-01
1.372070312500000000e-01
1.375732421875000000e-01
1.379394531250000000e-01
1.381835937500000000e-01
1.383056640625000000e-01
1.383056640625000000e-01
1.384277343750000000e-01
1.387939453125000000e-01
1.391601562500000000e-01
1.395263671875000000e-01
1.400146484375000000e-01
1.403808593750000000e-01
1.405029296875000000e-01
1.406250000000000000e-01
1.407470703125000000e-01
1.409912109375000000e-01
1.414794921875000000e-01
1.418457031250000000e-01
1.420898437500000000e-01
1.420898437500000000e-01
1.422119140625000000e-01
1.423339843750000000e-01
1.425781250000000000e-01
1.428222656250000000e-01
1.429443359375000000e-01
1.429443359375000000e-01
1.429443359375000000e-01
1.428222656250000000e-01
1.424560546875000000e-01
1.420898437500000000e-01
1.417236328125000000e-01
1.414794921875000000e-01
1.414794921875000000e-01
1.416015625000000000e-01
1.417236328125000000e-01
1.418457031250000000e-01
1.423339843750000000e-01
1.429443359375000000e-01
1.435546875000000000e-01
1.440429687500000000e-01
1.444091796875000000e-01
1.447753906250000000e-01
1.448974609375000000e-01
1.447753906250000000e-01
1.447753906250000000e-01
1.448974609375000000e-01
1.451416015625000000e-01
1.453857421875000000e-01
1.456298828125000000e-01
1.457519531250000000e-01
1.456298828125000000e-01
1.453857421875000000e-01
1.450195312500000000e-01
1.446533203125000000e-01
1.444091796875000000e-01
1.441650390625000000e-01
1.439208984375000000e-01
1.436767578125000000e-01
1.431884765625000000e-01
1.424560546875000000e-01
1.417236328125000000e-01
1.409912109375000000e-01
1.402587890625000000e-01
1.396484375000000000e-01
1.390380859375000000e-01
1.385498046875000000e-01
1.384277343750000000e-01
1.385498046875000000e-01
1.387939453125000000e-01
1.391601562500000000e-01
1.396484375000000000e-01
1.400146484375000000e-01
1.402587890625000000e-01
1.403808593750000000e-01
1.405029296875000000e-01
1.405029296875000000e-01
1.405029296875000000e-01
1.405029296875000000e-01
1.403808593750000000e-01
1.401367187500000000e-01
1.397705078125000000e-01
1.394042968750000000e-01
1.390380859375000000e-01
1.385498046875000000e-01
1.380615234375000000e-01
1.375732421875000000e-01
1.370849609375000000e-01
1.365966796875000000e-01
1.362304687500000000e-01
1.358642578125000000e-01
1.356201171875000000e-01
1.353759765625000000e-01
1.352539062500000000e-01
1.352539062500000000e-01
1.352539062500000000e-01
1.353759765625000000e-01
1.354980468750000000e-01
1.354980468750000000e-01
1.354980468750000000e-01
1.353759765625000000e-01
1.352539062500000000e-01
1.351318359375000000e-01
1.350097656250000000e-01
1.348876953125000000e-01
1.348876953125000000e-01
1.348876953125000000e-01
1.348876953125000000e-01
1.347656250000000000e-01
1.346435546875000000e-01
1.345214843750000000e-01
1.343994140625000000e-01
1.341552734375000000e-01
1.339111328125000000e-01
1.336669921875000000e-01
1.334228515625000000e-01
1.331787109375000000e-01
1.330566406250000000e-01
1.331787109375000000e-01
1.334228515625000000e-01
1.336669921875000000e-01
1.339111328125000000e-01
1.341552734375000000e-01
1.342773437500000000e-01
1.343994140625000000e-01
1.345214843750000000e-01
1.346435546875000000e-01
1.348876953125000000e-01
1.352539062500000000e-01
1.356201171875000000e-01
1.359863281250000000e-01
1.363525390625000000e-01
1.365966796875000000e-01
1.367187500000000000e-01
1.368408203125000000e-01
1.369628906250000000e-01
1.372070312500000000e-01
1.375732421875000000e-01
1.379394531250000000e-01
1.383056640625000000e-01
1.385498046875000000e-01
1.386718750000000000e-01
1.386718750000000000e-01
1.386718750000000000e-01
1.385498046875000000e-01
1.384277343750000000e-01
1.383056640625000000e-01
1.383056640625000000e-01
1.384277343750000000e-01
1.386718750000000000e-01
1.389160156250000000e-01
1.390380859375000000e-01
1.390380859375000000e-01
1.390380859375000000e-01
1.390380859375000000e-01
1.391601562500000000e-01
1.392822265625000000e-01
1.394042968750000000e-01
1.395263671875000000e-01
1.396484375000000000e-01
1.397705078125000000e-01
1.397705078125000000e-01
1.398925781250000000e-01
1.398925781250000000e-01
1.398925781250000000e-01
1.398925781250000000e-01
1.398925781250000000e-01
1.398925781250000000e-01
1.400146484375000000e-01
1.401367187500000000e-01
1.401367187500000000e-01
1.401367187500000000e-01
1.401367187500000000e-01
1.400146484375000000e-01
1.398925781250000000e-01
1.397705078125000000e-01
1.396484375000000000e-01
1.396484375000000000e-01
1.396484375000000000e-01
1.395263671875000000e-01
1.394042968750000000e-01
1.392822265625000000e-01
1.391601562500000000e-01
1.390380859375000000e-01
1.389160156250000000e-01
1.387939453125000000e-01
1.386718750000000000e-01
1.385498046875000000e-01
1.386718750000000000e-01
1.389160156250000000e-01
1.391601562500000000e-01
1.394042968750000000e-01
1.394042968750000000e-01
1.394042968750000000e-01
1.394042968750000000e-01
1.394042968750000000e-01
1.394042968750000000e-01
1.394042968750000000e-01
1.392822265625000000e-01
1.391601562500000000e-01
1.390380859375000000e-01
1.389160156250000000e-01
1.389160156250000000e-01
1.389160156250000000e-01
1.389160156250000000e-01
1.389160156250000000e-01
1.389160156250000000e-01
1.390380859375000000e-01
1.391601562500000000e-01
1.392822265625000000e-01
1.392822265625000000e-01
1.392822265625000000e-01
1.392822265625000000e-01
1.391601562500000000e-01
1.390380859375000000e-01
1.389160156250000000e-01
1.389160156250000000e-01
1.389160156250000000e-01
1.387939453125000000e-01
1.386718750000000000e-01
1.385498046875000000e-01
1.384277343750000000e-01
1.383056640625000000e-01
1.381835937500000000e-01
1.379394531250000000e-01
1.378173828125000000e-01
1.378173828125000000e-01
1.379394531250000000e-01
1.380615234375000000e-01
1.380615234375000000e-01
1.380615234375000000e-01
1.380615234375000000e-01
1.380615234375000000e-01
1.380615234375000000e-01
1.380615234375000000e-01
1.380615234375000000e-01
1.380615234375000000e-01
1.381835937500000000e-01
1.384277343750000000e-01
1.386718750000000000e-01
1.387939453125000000e-01
1.387939453125000000e-01
1.387939453125000000e-01
1.386718750000000000e-01
1.384277343750000000e-01
1.381835937500000000e-01
1.378173828125000000e-01
1.375732421875000000e-01
1.375732421875000000e-01
1.376953125000000000e-01
1.379394531250000000e-01
1.383056640625000000e-01
1.385498046875000000e-01
1.387939453125000000e-01
1.389160156250000000e-01
1.387939453125000000e-01
1.386718750000000000e-01
1.385498046875000000e-01
1.385498046875000000e-01
1.385498046875000000e-01
1.385498046875000000e-01
1.385498046875000000e-01
1.385498046875000000e-01
1.386718750000000000e-01
1.389160156250000000e-01
1.390380859375000000e-01
1.389160156250000000e-01
1.387939453125000000e-01
1.386718750000000000e-01
1.385498046875000000e-01
1.385498046875000000e-01
1.384277343750000000e-01
1.384277343750000000e-01
1.384277343750000000e-01
1.384277343750000000e-01
1.384277343750000000e-01
1.384277343750000000e-01
1.384277343750000000e-01
1.384277343750000000e-01
1.384277343750000000e-01
1.384277343750000000e-01
1.384277343750000000e-01
1.384277343750000000e-01
1.384277343750000000e-01
1.384277343750000000e-01
1.384277343750000000e-01
1.384277343750000000e-01
1.384277343750000000e-01
1.384277343750000000e-01
1.384277343750000000e-01
1.384277343750000000e-01
1.384277343750000000e-01
1.384277343750000000e-01
1.384277343750000000e-01
1.384277343750000000e-01
1.384277343750000000e-01
1.384277343750000000e-01
1.384277343750000000e-01
1.384277343750000000e-01
1.384277343750000000e-01
1.383056640625000000e-01
1.383056640625000000e-01
1.383056640625000000e-01
1.383056640625000000e-01
1.383056640625000000e-01
1.381835937500000000e-01
1.380615234375000000e-01
1.380615234375000000e-01
1.381835937500000000e-01
1.383056640625000000e-01
1.384277343750000000e-01
1.385498046875000000e-01
1.386718750000000000e-01
1.386718750000000000e-01
1.386718750000000000e-01
1.386718750000000000e-01
1.386718750000000000e-01
1.386718750000000000e-01
1.386718750000000000e-01
1.386718750000000000e-01
1.386718750000000000e-01
1.386718750000000000e-01
1.386718750000000000e-01
1.387939453125000000e-01
1.387939453125000000e-01
1.387939453125000000e-01
1.387939453125000000e-01
1.387939453125000000e-01
1.387939453125000000e-01
1.387939453125000000e-01
1.387939453125000000e-01
1.387939453125000000e-01
1.387939453125000000e-01
1.387939453125000000e-01
1.387939453125000000e-01
1.387939453125000000e-01
1.389160156250000000e-01
1.389160156250000000e-01
1.389160156250000000e-01
1.389160156250000000e-01
1.389160156250000000e-01
1.389160156250000000e-01
1.389160156250000000e-01
1.389160156250000000e-01
1.389160156250000000e-01
1.389160156250000000e-01
1.389160156250000000e-01
1.389160156250000000e-01
1.389160156250000000e-01
1.389160156250000000e-01
1.389160156250000000e-01
1.389160156250000000e-01
1.389160156250000000e-01
1.389160156250000000e-01
1.389160156250000000e-01
1.389160156250000000e-01
1.389160156250000000e-01
1.389160156250000000e-01
1.389160156250000000e-01
1.389160156250000000e-01
1.389160156250000000e-01
1.389160156250000000e-01
1.389160156250000000e-01
1.389160156250000000e-01
1.389160156250000000e-01
1.389160156250000000e-01
1.387939453125000000e-01
1.387939453125000000e-01
1.389160156250000000e-01
1.390380859375000000e-01
1.391601562500000000e-01
1.392822265625000000e-01
1.394042968750000000e-01
1.394042968750000000e-01
1.394042968750000000e-01
1.394042968750000000e-01
1.394042968750000000e-01
1.394042968750000000e-01
1.394042968750000000e-01
1.394042968750000000e-01
1.394042968750000000e-01
1.394042968750000000e-01
1.394042968750000000e-01
1.395263671875000000e-01
1.395263671875000000e-01
1.395263671875000000e-01
1.395263671875000000e-01
1.395263671875000000e-01
1.395263671875000000e-01
1.395263671875000000e-01
1.395263671875000000e-01
1.395263671875000000e-01
1.395263671875000000e-01
1.395263671875000000e-01
1.395263671875000000e-01
1.395263671875000000e-01
1.395263671875000000e-01
1.395263671875000000e-01
1.395263671875000000e-01
1.395263671875000000e-01
1.395263671875000000e-01
1.395263671875000000e-01
1.395263671875000000e-01
1.395263671875000000e-01
1.395263671875000000e-01
1.395263671875000000e-01
1.395263671875000000e-01
1.395263671875000000e-01
1.395263671875000000e-01
1.395263671875000000e-01
1.395263671875000000e-01
1.395263671875000000e-01
1.395263671875000000e-01
1.395263671875000000e-01
1.395263671875000000e-01
1.395263671875000000e-01
1.395263671875000000e-01
1.395263671875000000e-01
1.395263671875000000e-01
1.395263671875000000e-01
1.394042968750000000e-01
1.394042968750000000e-01
1.394042968750000000e-01
1.394042968750000000e-01
1.394042968750000000e-01
1.392822265625000000e-01
1.392822265625000000e-01
1.392822265625000000e-01
1.394042968750000000e-01
1.395263671875000000e-01
1.396484375000000000e-01
1.397705078125000000e-01
1.398925781250000000e-01
1.398925781250000000e-01
1.398925781250000000e-01
1.398925781250000000e-01
1.398925781250000000e-01
1.398925781250000000e-01
1.398925781250000000e-01
1.398925781250000000e-01
1.398925781250000000e-01
1.398925781250000000e-01
1.398925781250000000e-01
1.398925781250000000e-01
1.398925781250000000e-01
1.398925781250000000e-01
1.398925781250000000e-01
1.398925781250000000e-01
1.398925781250000000e-01
1.398925781250000000e-01
1.398925781250000000e-01
1.398925781250000000e-01
1.398925781250000000e-01
1.398925781250000000e-01
1.398925781250000000e-01
1.398925781250000000e-01
1.398925781250000000e-01
1.398925781250000000e-01
1.398925781250000000e-01
1.398925781250000000e-01
1.398925781250000000e-01
1.398925781250000000e-01
1.398925781250000000e-01
1.398925781250000000e-01
1.398925781250000000e-01
1.398925781250000000e-01
1.398925781250000000e-01
1.398925781250000000e-01
1.398925781250000000e-01
1.398925781250000000e-01
1.398925781250000000e-01
1.398925781250000000e-01
1.398925781250000000e-01
1.398925781250000000e-01
1.398925781250000000e-01
1.398925781250000000e-01
1.398925781250000000e-01
1.398925781250000000e-01
1.398925781250000000e-01
1.398925781250000000e-01
1.397705078125000000e-01
1.397705078125000000e-01
1.397705078125000000e-01
1.397705078125000000e-01
1.397705078125000000e-01
1.396484375000000000e-01
1.396484375000000000e-01
1.396484375000000000e-01
1.397705078125000000e-01
1.398925781250000000e-01
1.400146484375000000e-01
1.401367187500000000e-01
1.402587890625000000e-01
1.402587890625000000e-01
1.402587890625000000e-01
1.402587890625000000e-01
1.402587890625000000e-01
1.402587890625000000e-01
1.402587890625000000e-01
1.402587890625000000e-01
1.402587890625000000e-01
1.402587890625000000e-01
1.402587890625000000e-01
1.402587890625000000e-01
1.402587890625000000e-01
1.402587890625000000e-01
1.402587890625000000e-01
1.402587890625000000e-01
1.402587890625000000e-01
1.402587890625000000e-01
1.402587890625000000e-01
1.402587890625000000e-01
1.402587890625000000e-01
1.402587890625000000e-01
1.402587890625000000e-01
1.402587890625000000e-01
1.402587890625000000e-01
1.402587890625000000e-01
1.402587890625000000e-01
1.402587890625000000e-01
1.402587890625000000e-01
1.402587890625000000e-01
1.402587890625000000e-01
1.402587890625000000e-01
1.402587890625000000e-01
1.402587890625000000e-01
1.402587890625000000e-01
1.402587890625000000e-01
1.402587890625000000e-01
1.402587890625000000e-01
1.402587890625000000e-01
1.402587890625000000e-01
1.402587890625000000e-01
1.402587890625000000e-01
1.402587890625000000e-01
1.402587890625000000e-01
1.402587890625000000e-01
1.402587890625000000e-01
1.402587890625000000e-01
1.402587890625000000e-01
1.401367187500000000e-01
1.401367187500000000e-01
1.401367187500000000e-01
1.401367187500000000e-01
1.401367187500000000e-01
1.401367187500000000e-01
1.401367187500000000e-01
1.401367187500000000e-01
1.402587890625000000e-01
1.403808593750000000e-01
1.405029296875000000e-01
1.406250000000000000e-01
1.407470703125000000e-01
1.407470703125000000e-01
1.407470703125000000e-01
1.407470703125000000e-01
1.407470703125000000e-01
1.407470703125000000e-01
1.407470703125000000e-01
1.407470703125000000e-01
1.407470703125000000e-01
1.407470703125000000e-01
1.407470703125000000e-01
1.408691406250000000e-01
1.408691406250000000e-01
1.408691406250000000e-01
1.408691406250000000e-01
1.408691406250000000e-01
1.408691406250000000e-01
1.408691406250000000e-01
1.408691406250000000e-01
1.408691406250000000e-01
1.408691406250000000e-01
1.408691406250000000e-01
1.408691406250000000e-01
1.408691406250000000e-01
1.408691406250000000e-01
1.408691406250000000e-01
1.408691406250000000e-01
1.408691406250000000e-01
1.408691406250000000e-01
1.408691406250000000e-01
1.408691406250000000e-01
1.408691406250000000e-01
1.408691406250000000e-01
1.408691406250000000e-01
1.408691406250000000e-01
1.408691406250000000e-01
1.408691406250000000e-01
1.408691406250000000e-01
1.408691406250000000e-01
1.408691406250000000e-01
1.408691406250000000e-01
1.408691406250000000e-01
1.408691406250000000e-01
1.408691406250000000e-01
1.408691406250000000e-01
1.408691406250000000e-01
1.408691406250000000e-01
1.408691406250000000e-01
1.407470703125000000e-01
1.407470703125000000e-01
1.407470703125000000e-01
1.407470703125000000e-01
1.407470703125000000e-01
1.407470703125000000e-01
1.407470703125000000e-01
1.407470703125000000e-01
1.408691406250000000e-01
1.409912109375000000e-01
1.411132812500000000e-01
1.412353515625000000e-01
1.413574218750000000e-01
1.414794921875000000e-01
1.416015625000000000e-01
1.416015625000000000e-01
1.416015625000000000e-01
1.416015625000000000e-01
1.416015625000000000e-01
1.416015625000000000e-01
1.416015625000000000e-01
1.416015625000000000e-01
1.416015625000000000e-01
1.416015625000000000e-01
1.416015625000000000e-01
1.416015625000000000e-01
1.416015625000000000e-01
1.416015625000000000e-01
1.416015625000000000e-01
1.416015625000000000e-01
1.416015625000000000e-01
1.416015625000000000e-01
1.416015625000000000e-01
1.416015625000000000e-01
1.416015625000000000e-01
1.416015625000000000e-01
1.417236328125000000e-01
1.417236328125000000e-01
1.417236328125000000e-01
1.417236328125000000e-01
1.417236328125000000e-01
1.417236328125000000e-01
1.417236328125000000e-01
1.417236328125000000e-01
1.417236328125000000e-01
1.417236328125000000e-01
1.417236328125000000e-01
1.417236328125000000e-01
1.417236328125000000e-01
1.417236328125000000e-01
1.417236328125000000e-01
1.417236328125000000e-01
1.417236328125000000e-01
1.417236328125000000e-01
1.417236328125000000e-01
1.417236328125000000e-01
1.417236328125000000e-01
1.417236328125000000e-01
1.417236328125000000e-01
1.417236328125000000e-01
1.417236328125000000e-01
1.417236328125000000e-01
1.417236328125000000e-01
1.417236328125000000e-01
1.417236328125000000e-01
1.417236328125000000e-01
1.417236328125000000e-01
1.417236328125000000e-01
1.418457031250000000e-01
1.419677734375000000e-01
1.420898437500000000e-01
1.422119140625000000e-01
1.423339843750000000e-01
1.423339843750000000e-01
1.423339843750000000e-01
1.423339843750000000e-01
1.423339843750000000e-01
1.423339843750000000e-01
1.423339843750000000e-01
1.423339843750000000e-01
1.423339843750000000e-01
1.423339843750000000e-01
1.423339843750000000e-01
1.423339843750000000e-01
1.423339843750000000e-01
1.423339843750000000e-01
1.423339843750000000e-01
1.423339843750000000e-01
1.423339843750000000e-01
1.423339843750000000e-01
1.423339843750000000e-01
1.423339843750000000e-01
1.423339843750000000e-01
1.423339843750000000e-01
1.423339843750000000e-01
1.423339843750000000e-01
1.423339843750000000e-01
1.423339843750000000e-01
1.423339843750000000e-01
1.423339843750000000e-01
1.423339843750000000e-01
1.423339843750000000e-01
1.423339843750000000e-01
1.423339843750000000e-01
1.423339843750000000e-01
1.423339843750000000e-01
1.423339843750000000e-01
1.423339843750000000e-01
1.423339843750000000e-01
1.423339843750000000e-01
1.423339843750000000e-01
1.423339843750000000e-01
1.423339843750000000e-01
1.423339843750000000e-01
1.423339843750000000e-01
1.423339843750000000e-01
1.423339843750000000e-01
1.423339843750000000e-01
1.423339843750000000e-01
1.423339843750000000e-01
1.423339843750000000e-01
1.423339843750000000e-01
1.423339843750000000e-01
1.423339843750000000e-01
1.423339843750000000e-01
1.423339843750000000e-01
1.422119140625000000e-01
1.422119140625000000e-01
1.423339843750000000e-01
1.424560546875000000e-01
1.425781250000000000e-01
1.427001953125000000e-01
1.428222656250000000e-01
1.428222656250000000e-01
1.428222656250000000e-01
1.428222656250000000e-01
1.429443359375000000e-01
1.430664062500000000e-01
1.431884765625000000e-01
1.433105468750000000e-01
1.434326171875000000e-01
1.435546875000000000e-01
1.436767578125000000e-01
1.437988281250000000e-01
1.437988281250000000e-01
1.437988281250000000e-01
1.437988281250000000e-01
1.437988281250000000e-01
1.437988281250000000e-01
1.437988281250000000e-01
1.437988281250000000e-01
1.437988281250000000e-01
1.437988281250000000e-01
1.437988281250000000e-01
1.437988281250000000e-01
1.437988281250000000e-01
1.437988281250000000e-01
1.437988281250000000e-01
1.437988281250000000e-01
1.437988281250000000e-01
1.437988281250000000e-01
1.437988281250000000e-01
1.437988281250000000e-01
1.437988281250000000e-01
1.437988281250000000e-01
1.437988281250000000e-01
1.437988281250000000e-01
1.437988281250000000e-01
1.437988281250000000e-01
1.437988281250000000e-01
1.437988281250000000e-01
1.437988281250000000e-01
1.437988281250000000e-01
1.437988281250000000e-01
1.437988281250000000e-01
1.437988281250000000e-01
1.437988281250000000e-01
1.437988281250000000e-01
1.437988281250000000e-01
1.437988281250000000e-01
1.437988281250000000e-01
1.437988281250000000e-01
1.437988281250000000e-01
1.437988281250000000e-01
1.437988281250000000e-01
1.436767578125000000e-01
1.435546875000000000e-01
1.435546875000000000e-01
1.436767578125000000e-01
1.437988281250000000e-01
1.439208984375000000e-01
1.440429687500000000e-01
1.441650390625000000e-01
1.441650390625000000e-01
1.441650390625000000e-01
1.441650390625000000e-01
1.441650390625000000e-01
1.441650390625000000e-01
1.441650390625000000e-01
1.441650390625000000e-01
1.442871093750000000e-01
1.444091796875000000e-01
1.445312500000000000e-01
1.446533203125000000e-01
1.446533203125000000e-01
1.446533203125000000e-01
1.446533203125000000e-01
1.446533203125000000e-01
1.446533203125000000e-01
1.446533203125000000e-01
1.446533203125000000e-01
1.446533203125000000e-01
1.446533203125000000e-01
1.446533203125000000e-01
1.446533203125000000e-01
1.446533203125000000e-01
1.446533203125000000e-01
1.446533203125000000e-01
1.446533203125000000e-01
1.446533203125000000e-01
1.446533203125000000e-01
1.446533203125000000e-01
1.446533203125000000e-01
1.446533203125000000e-01
1.446533203125000000e-01
1.446533203125000000e-01
1.446533203125000000e-01
1.446533203125000000e-01
1.446533203125000000e-01
1.446533203125000000e-01
1.446533203125000000e-01
1.446533203125000000e-01
1.446533203125000000e-01
1.446533203125000000e-01
1.446533203125000000e-01
1.446533203125000000e-01
1.446533203125000000e-01
1.446533203125000000e-01
1.446533203125000000e-01
1.446533203125000000e-01
1.446533203125000000e-01
1.446533203125000000e-01
1.446533203125000000e-01
1.446533203125000000e-01
1.446533203125000000e-01
1.446533203125000000e-01
1.446533203125000000e-01
1.446533203125000000e-01
1.447753906250000000e-01
1.448974609375000000e-01
1.450195312500000000e-01
1.451416015625000000e-01
1.452636718750000000e-01
1.453857421875000000e-01
1.455078125000000000e-01
1.456298828125000000e-01
1.456298828125000000e-01
1.456298828125000000e-01
1.456298828125000000e-01
1.456298828125000000e-01
1.456298828125000000e-01
1.456298828125000000e-01
1.456298828125000000e-01
1.456298828125000000e-01
1.456298828125000000e-01
1.456298828125000000e-01
1.456298828125000000e-01
1.456298828125000000e-01
1.456298828125000000e-01
1.456298828125000000e-01
1.456298828125000000e-01
1.456298828125000000e-01
1.456298828125000000e-01
1.456298828125000000e-01
1.456298828125000000e-01
1.456298828125000000e-01
1.456298828125000000e-01
1.456298828125000000e-01
1.456298828125000000e-01
1.456298828125000000e-01
1.456298828125000000e-01
1.456298828125000000e-01
1.456298828125000000e-01
1.456298828125000000e-01
1.456298828125000000e-01
1.456298828125000000e-01
1.456298828125000000e-01
1.456298828125000000e-01
1.456298828125000000e-01
1.456298828125000000e-01
1.456298828125000000e-01
1.456298828125000000e-01
1.456298828125000000e-01
1.456298828125000000e-01
1.456298828125000000e-01
1.456298828125000000e-01
1.456298828125000000e-01
1.456298828125000000e-01
1.456298828125000000e-01
1.456298828125000000e-01
1.456298828125000000e-01
1.456298828125000000e-01
1.456298828125000000e-01
1.456298828125000000e-01
1.456298828125000000e-01
1.456298828125000000e-01
1.456298828125000000e-01
1.456298828125000000e-01
1.457519531250000000e-01
1.458740234375000000e-01
1.459960937500000000e-01
1.461181640625000000e-01
1.462402343750000000e-01
1.462402343750000000e-01
1.462402343750000000e-01
1.462402343750000000e-01
1.462402343750000000e-01
1.462402343750000000e-01
1.462402343750000000e-01
1.462402343750000000e-01
1.462402343750000000e-01
1.462402343750000000e-01
1.462402343750000000e-01
1.462402343750000000e-01
1.462402343750000000e-01
1.462402343750000000e-01
1.462402343750000000e-01
1.462402343750000000e-01
1.462402343750000000e-01
1.462402343750000000e-01
1.462402343750000000e-01
1.462402343750000000e-01
1.462402343750000000e-01
1.462402343750000000e-01
1.462402343750000000e-01
1.462402343750000000e-01
1.462402343750000000e-01
1.462402343750000000e-01
1.462402343750000000e-01
1.462402343750000000e-01
1.462402343750000000e-01
1.462402343750000000e-01
1.462402343750000000e-01
1.462402343750000000e-01
1.462402343750000000e-01
