8.597373962402343750e-04
2.304077148437500000e-03
5.313873291015625000e-03
1.082611083984375000e-02
1.733398437500000000e-02
2.374267578125000000e-02
2.870178222656250000e-02
2.951049804687500000e-02
2.581787109375000000e-02
1.931762695312500000e-02
1.301574707031250000e-02
6.240844726562500000e-03
1.913452148437500000e-02
5.236816406250000000e-02
4.357910156250000000e-02
4.171752929687500000e-02
2.371215820312500000e-02
2.894592285156250000e-02
3.491210937500000000e-02
3.781127929687500000e-02
3.698730468750000000e-02
3.793334960937500000e-02
3.077697753906250000e-02
2.629089355468750000e-02
2.220153808593750000e-02
1.699829101562500000e-02
7.980346679687500000e-03
2.326965332031250000e-03
-4.867553710937500000e-03
-1.377868652343750000e-02
-2.233886718750000000e-02
-3.106689453125000000e-02
-3.900146484375000000e-02
-4.232788085937500000e-02
-4.147338867187500000e-02
-4.132080078125000000e-02
-4.266357421875000000e-02
-4.229736328125000000e-02
-3.430175781250000000e-02
-2.941894531250000000e-02
-2.006530761718750000e-02
-3.967285156250000000e-03
1.105499267578125000e-02
1.400756835937500000e-02
2.383422851562500000e-02
3.204345703125000000e-02
3.869628906250000000e-02
3.793334960937500000e-02
4.098510742187500000e-02
3.414916992187500000e-02
2.861022949218750000e-02
2.108764648437500000e-02
2.580261230468750000e-02
3.503417968750000000e-02
4.379272460937500000e-02
4.992675781250000000e-02
5.575561523437500000e-02
6.457519531250000000e-02
6.921386718750000000e-02
6.689453125000000000e-02
6.640625000000000000e-02
6.628417968750000000e-02
6.756591796875000000e-02
7.116699218750000000e-02
7.421875000000000000e-02
8.361816406250000000e-02
9.289550781250000000e-02
1.052856445312500000e-01
1.183471679687500000e-01
1.300048828125000000e-01
1.369628906250000000e-01
1.418457031250000000e-01
1.459960937500000000e-01
1.282958984375000000e-01
1.011352539062500000e-01
8.172607421875000000e-02
6.701660156250000000e-02
6.469726562500000000e-02
6.890869140625000000e-02
6.787109375000000000e-02
6.304931640625000000e-02
5.654907226562500000e-02
4.806518554687500000e-02
3.674316406250000000e-02
2.725219726562500000e-02
1.852416992187500000e-02
7.102966308593750000e-03
-1.853942871093750000e-03
-1.303863525390625000e-02
-2.322387695312500000e-02
-3.295898437500000000e-02
-4.025268554687500000e-02
-4.312133789062500000e-02
-5.413818359375000000e-02
-6.118774414062500000e-02
-7.623291015625000000e-02
-8.953857421875000000e-02
-9.667968750000000000e-02
-1.026611328125000000e-01
-1.113281250000000000e-01
-1.157836914062500000e-01
-1.171264648437500000e-01
-1.192016601562500000e-01
-1.232299804687500000e-01
-1.233520507812500000e-01
-1.231079101562500000e-01
-1.228027343750000000e-01
-1.267089843750000000e-01
-1.246337890625000000e-01
-1.262207031250000000e-01
-1.279296875000000000e-01
-1.275634765625000000e-01
-1.220092773437500000e-01
-1.171875000000000000e-01
-1.096191406250000000e-01
-1.076049804687500000e-01
-1.026000976562500000e-01
-1.003417968750000000e-01
-1.011352539062500000e-01
-9.875488281250000000e-02
-9.167480468750000000e-02
-8.502197265625000000e-02
-7.824707031250000000e-02
-7.214355468750000000e-02
-6.500244140625000000e-02
-5.929565429687500000e-02
-5.267333984375000000e-02
-4.510498046875000000e-02
-3.564453125000000000e-02
-2.499389648437500000e-02
-1.454162597656250000e-02
-7.083892822265625000e-03
-1.552581787109375000e-03
-3.852844238281250000e-03
-1.278686523437500000e-02
-2.023315429687500000e-02
-2.699279785156250000e-02
-2.435302734375000000e-02
-1.815795898437500000e-02
-1.846313476562500000e-02
-1.947021484375000000e-02
-2.049255371093750000e-02
-2.603149414062500000e-02
-3.002929687500000000e-02
-3.390502929687500000e-02
-3.884887695312500000e-02
-4.367065429687500000e-02
-4.800415039062500000e-02
-5.407714843750000000e-02
-5.752563476562500000e-02
-6.243896484375000000e-02
-7.031250000000000000e-02
-8.013916015625000000e-02
-8.239746093750000000e-02
-8.282470703125000000e-02
-9.283447265625000000e-02
-9.411621093750000000e-02
-9.906005859375000000e-02
-9.661865234375000000e-02
-9.820556640625000000e-02
-9.423828125000000000e-02
-8.947753906250000000e-02
-8.599853515625000000e-02
-8.856201171875000000e-02
-8.886718750000000000e-02
-8.752441406250000000e-02
-8.746337890625000000e-02
-9.210205078125000000e-02
-9.039306640625000000e-02
-9.277343750000000000e-02
-9.613037109375000000e-02
-9.460449218750000000e-02
-8.801269531250000000e-02
-7.830810546875000000e-02
-7.116699218750000000e-02
-6.488037109375000000e-02
-5.218505859375000000e-02
-4.348754882812500000e-02
-4.034423828125000000e-02
-3.750610351562500000e-02
-3.454589843750000000e-02
-2.888488769531250000e-02
-2.413940429687500000e-02
-2.302551269531250000e-02
-1.831054687500000000e-02
-1.419067382812500000e-02
-8.583068847656250000e-03
-1.869201660156250000e-03
8.110046386718750000e-03
2.011108398437500000e-02
3.369140625000000000e-02
4.592895507812500000e-02
5.422973632812500000e-02
5.895996093750000000e-02
5.892944335937500000e-02
5.834960937500000000e-02
5.795288085937500000e-02
6.878662109375000000e-02
7.806396484375000000e-02
8.099365234375000000e-02
8.190917968750000000e-02
7.904052734375000000e-02
7.434082031250000000e-02
6.890869140625000000e-02
6.341552734375000000e-02
5.661010742187500000e-02
5.059814453125000000e-02
4.498291015625000000e-02
3.955078125000000000e-02
3.448486328125000000e-02
2.764892578125000000e-02
2.154541015625000000e-02
1.290893554687500000e-02
7.156372070312500000e-03
-2.983093261718750000e-03
-1.605224609375000000e-02
-2.380371093750000000e-02
-2.665710449218750000e-02
-2.470397949218750000e-02
-2.639770507812500000e-02
-2.398681640625000000e-02
-2.084350585937500000e-02
-1.936340332031250000e-02
-2.383422851562500000e-02
-2.484130859375000000e-02
-2.322387695312500000e-02
-2.146911621093750000e-02
-2.362060546875000000e-02
-2.230834960937500000e-02
-2.082824707031250000e-02
-2.215576171875000000e-02
-2.322387695312500000e-02
-2.209472656250000000e-02
-1.608276367187500000e-02
-1.300811767578125000e-02
-1.322937011718750000e-02
-1.280975341796875000e-02
-9.696960449218750000e-03
-7.171630859375000000e-03
-9.841918945312500000e-03
-4.302978515625000000e-03
3.814697265625000000e-04
3.189086914062500000e-03
4.753112792968750000e-03
8.178710937500000000e-03
1.261138916015625000e-02
1.766967773437500000e-02
2.345275878906250000e-02
3.216552734375000000e-02
4.339599609375000000e-02
5.847167968750000000e-02
7.366943359375000000e-02
8.728027343750000000e-02
9.497070312500000000e-02
1.008300781250000000e-01
1.032104492187500000e-01
1.055297851562500000e-01
1.153564453125000000e-01
1.229248046875000000e-01
1.260986328125000000e-01
1.290283203125000000e-01
1.292724609375000000e-01
1.264648437500000000e-01
1.219482421875000000e-01
1.171875000000000000e-01
1.099243164062500000e-01
1.021728515625000000e-01
9.466552734375000000e-02
8.691406250000000000e-02
7.800292968750000000e-02
7.019042968750000000e-02
6.146240234375000000e-02
5.114746093750000000e-02
4.302978515625000000e-02
3.137207031250000000e-02
2.114868164062500000e-02
9.643554687500000000e-03
1.068115234375000000e-04
-7.289886474609375000e-03
-1.644897460937500000e-02
-2.200317382812500000e-02
-2.597045898437500000e-02
-3.050231933593750000e-02
-3.842163085937500000e-02
-4.254150390625000000e-02
-4.391479492187500000e-02
-4.562377929687500000e-02
-4.977416992187500000e-02
-4.910278320312500000e-02
-5.194091796875000000e-02
-5.419921875000000000e-02
-5.801391601562500000e-02
-6.011962890625000000e-02
-6.127929687500000000e-02
-6.445312500000000000e-02
-6.634521484375000000e-02
-6.597900390625000000e-02
-6.146240234375000000e-02
-5.801391601562500000e-02
-5.575561523437500000e-02
-5.108642578125000000e-02
-4.730224609375000000e-02
-4.598999023437500000e-02
-4.275512695312500000e-02
-4.010009765625000000e-02
-3.546142578125000000e-02
-3.077697753906250000e-02
-2.499389648437500000e-02
-1.708984375000000000e-02
-7.141113281250000000e-03
6.454467773437500000e-03
2.108764648437500000e-02
3.686523437500000000e-02
4.968261718750000000e-02
6.274414062500000000e-02
7.434082031250000000e-02
8.465576171875000000e-02
9.863281250000000000e-02
1.098632812500000000e-01
1.160888671875000000e-01
1.182861328125000000e-01
1.181640625000000000e-01
1.146240234375000000e-01
1.091308593750000000e-01
1.038208007812500000e-01
9.686279296875000000e-02
8.984375000000000000e-02
8.319091796875000000e-02
7.653808593750000000e-02
6.958007812500000000e-02
6.384277343750000000e-02
5.587768554687500000e-02
5.004882812500000000e-02
4.437255859375000000e-02
3.515625000000000000e-02
2.774047851562500000e-02
2.381896972656250000e-02
1.876831054687500000e-02
1.341247558593750000e-02
4.737854003906250000e-03
-1.258850097656250000e-03
-6.370544433593750000e-03
-1.129913330078125000e-02
-1.980590820312500000e-02
-2.386474609375000000e-02
-2.586364746093750000e-02
-2.703857421875000000e-02
-3.041076660156250000e-02
-2.957153320312500000e-02
-3.123474121093750000e-02
-2.980041503906250000e-02
-2.799987792968750000e-02
-2.713012695312500000e-02
-2.912902832031250000e-02
-2.717590332031250000e-02
-2.593994140625000000e-02
-2.423095703125000000e-02
-1.980590820312500000e-02
-1.643371582031250000e-02
-1.306152343750000000e-02
-1.139831542968750000e-02
-8.590698242187500000e-03
-8.239746093750000000e-03
-8.476257324218750000e-03
-2.677917480468750000e-03
7.762908935546875000e-04
3.782272338867187500e-03
8.316040039062500000e-03
1.438903808593750000e-02
2.217102050781250000e-02
3.341674804687500000e-02
4.656982421875000000e-02
6.298828125000000000e-02
7.733154296875000000e-02
9.375000000000000000e-02
1.074829101562500000e-01
1.190185546875000000e-01
1.329345703125000000e-01
1.442871093750000000e-01
1.495361328125000000e-01
1.538085937500000000e-01
1.541748046875000000e-01
1.507568359375000000e-01
1.453857421875000000e-01
1.406250000000000000e-01
1.348876953125000000e-01
1.289062500000000000e-01
1.229858398437500000e-01
1.171875000000000000e-01
1.099243164062500000e-01
1.025390625000000000e-01
9.466552734375000000e-02
8.642578125000000000e-02
7.702636718750000000e-02
6.976318359375000000e-02
6.311035156250000000e-02
5.389404296875000000e-02
4.513549804687500000e-02
3.521728515625000000e-02
2.615356445312500000e-02
1.791381835937500000e-02
1.106262207031250000e-02
5.054473876953125000e-03
-2.834320068359375000e-03
-6.805419921875000000e-03
-8.918762207031250000e-03
-1.137542724609375000e-02
-1.625061035156250000e-02
-1.660156250000000000e-02
-1.922607421875000000e-02
-2.282714843750000000e-02
-2.635192871093750000e-02
-2.780151367187500000e-02
-2.806091308593750000e-02
-3.018188476562500000e-02
-3.201293945312500000e-02
-3.033447265625000000e-02
-2.828979492187500000e-02
-2.830505371093750000e-02
-2.748107910156250000e-02
-2.203369140625000000e-02
-1.693725585937500000e-02
-1.046752929687500000e-02
-4.299163818359375000e-03
-4.062652587890625000e-04
2.309799194335937500e-03
5.630493164062500000e-03
9.292602539062500000e-03
1.429748535156250000e-02
2.099609375000000000e-02
3.062438964843750000e-02
4.211425781250000000e-02
5.575561523437500000e-02
6.884765625000000000e-02
8.435058593750000000e-02
9.765625000000000000e-02
1.087036132812500000e-01
1.206665039062500000e-01
1.307373046875000000e-01
1.364746093750000000e-01
1.380615234375000000e-01
1.395263671875000000e-01
1.369628906250000000e-01
1.329345703125000000e-01
1.296386718750000000e-01
1.252441406250000000e-01
1.207275390625000000e-01
1.156616210937500000e-01
1.105957031250000000e-01
1.051635742187500000e-01
9.979248046875000000e-02
9.399414062500000000e-02
8.764648437500000000e-02
8.105468750000000000e-02
7.543945312500000000e-02
6.811523437500000000e-02
6.170654296875000000e-02
5.316162109375000000e-02
4.870605468750000000e-02
4.425048828125000000e-02
4.223632812500000000e-02
4.058837890625000000e-02
3.753662109375000000e-02
3.332519531250000000e-02
3.201293945312500000e-02
3.225708007812500000e-02
3.164672851562500000e-02
2.886962890625000000e-02
2.891540527343750000e-02
2.696228027343750000e-02
2.597045898437500000e-02
2.410888671875000000e-02
2.349853515625000000e-02
2.297973632812500000e-02
2.418518066406250000e-02
2.383422851562500000e-02
2.513122558593750000e-02
2.456665039062500000e-02
2.070617675781250000e-02
1.838684082031250000e-02
2.029418945312500000e-02
2.191162109375000000e-02
2.339172363281250000e-02
2.516174316406250000e-02
2.639770507812500000e-02
2.796936035156250000e-02
3.010559082031250000e-02
3.274536132812500000e-02
3.671264648437500000e-02
4.196166992187500000e-02
4.953002929687500000e-02
5.883789062500000000e-02
7.049560546875000000e-02
8.258056640625000000e-02
9.716796875000000000e-02
1.094970703125000000e-01
1.193847656250000000e-01
1.297607421875000000e-01
1.380615234375000000e-01
1.435546875000000000e-01
1.464843750000000000e-01
1.478271484375000000e-01
1.427001953125000000e-01
1.389160156250000000e-01
1.354980468750000000e-01
1.312255859375000000e-01
1.269531250000000000e-01
1.224975585937500000e-01
1.179199218750000000e-01
1.131591796875000000e-01
1.082153320312500000e-01
1.030883789062500000e-01
9.765625000000000000e-02
9.204101562500000000e-02
8.679199218750000000e-02
8.001708984375000000e-02
7.196044921875000000e-02
6.811523437500000000e-02
6.234741210937500000e-02
5.438232421875000000e-02
5.065917968750000000e-02
4.727172851562500000e-02
4.312133789062500000e-02
3.802490234375000000e-02
3.540039062500000000e-02
3.408813476562500000e-02
3.259277343750000000e-02
2.990722656250000000e-02
2.973937988281250000e-02
2.737426757812500000e-02
2.621459960937500000e-02
2.511596679687500000e-02
2.476501464843750000e-02
2.416992187500000000e-02
2.416992187500000000e-02
2.339172363281250000e-02
2.317810058593750000e-02
2.294921875000000000e-02
2.162170410156250000e-02
2.182006835937500000e-02
2.331542968750000000e-02
2.452087402343750000e-02
2.627563476562500000e-02
2.732849121093750000e-02
2.911376953125000000e-02
3.022766113281250000e-02
3.213500976562500000e-02
3.442382812500000000e-02
3.771972656250000000e-02
4.217529296875000000e-02
4.882812500000000000e-02
5.712890625000000000e-02
6.750488281250000000e-02
7.861328125000000000e-02
9.210205078125000000e-02
1.047973632812500000e-01
1.154174804687500000e-01
1.256103515625000000e-01
1.339111328125000000e-01
1.396484375000000000e-01
1.429443359375000000e-01
1.435546875000000000e-01
1.409912109375000000e-01
1.376953125000000000e-01
1.348876953125000000e-01
1.313476562500000000e-01
1.276855468750000000e-01
1.237792968750000000e-01
1.199340820312500000e-01
1.157226562500000000e-01
1.113891601562500000e-01
1.068115234375000000e-01
1.020507812500000000e-01
9.716796875000000000e-02
9.204101562500000000e-02
8.648681640625000000e-02
8.044433593750000000e-02
7.421875000000000000e-02
6.964111328125000000e-02
6.372070312500000000e-02
5.853271484375000000e-02
5.358886718750000000e-02
4.812622070312500000e-02
4.324340820312500000e-02
4.046630859375000000e-02
3.890991210937500000e-02
3.717041015625000000e-02
3.439331054687500000e-02
3.378295898437500000e-02
3.118896484375000000e-02
2.929687500000000000e-02
2.754211425781250000e-02
2.629089355468750000e-02
2.491760253906250000e-02
2.423095703125000000e-02
2.310180664062500000e-02
2.244567871093750000e-02
2.177429199218750000e-02
2.107238769531250000e-02
2.044677734375000000e-02
2.142333984375000000e-02
2.127075195312500000e-02
2.189636230468750000e-02
2.227783203125000000e-02
2.311706542968750000e-02
2.412414550781250000e-02
2.584838867187500000e-02
2.798461914062500000e-02
3.083801269531250000e-02
3.463745117187500000e-02
4.013061523437500000e-02
4.696655273437500000e-02
5.557250976562500000e-02
6.549072265625000000e-02
7.775878906250000000e-02
8.978271484375000000e-02
1.003417968750000000e-01
1.098632812500000000e-01
1.178588867187500000e-01
1.229248046875000000e-01
1.257324218750000000e-01
1.264648437500000000e-01
1.244506835937500000e-01
1.219482421875000000e-01
1.196899414062500000e-01
1.169433593750000000e-01
1.140747070312500000e-01
1.110229492187500000e-01
1.080322265625000000e-01
1.047973632812500000e-01
1.013793945312500000e-01
9.777832031250000000e-02
9.399414062500000000e-02
9.020996093750000000e-02
8.612060546875000000e-02
8.178710937500000000e-02
7.751464843750000000e-02
7.336425781250000000e-02
6.939697265625000000e-02
6.530761718750000000e-02
6.146240234375000000e-02
5.889892578125000000e-02
5.624389648437500000e-02
5.386352539062500000e-02
5.288696289062500000e-02
5.340576171875000000e-02
5.386352539062500000e-02
5.322265625000000000e-02
5.456542968750000000e-02
5.438232421875000000e-02
5.444335937500000000e-02
5.435180664062500000e-02
5.462646484375000000e-02
5.471801757812500000e-02
5.545043945312500000e-02
5.606079101562500000e-02
5.709838867187500000e-02
5.813598632812500000e-02
5.639648437500000000e-02
5.624389648437500000e-02
5.697631835937500000e-02
5.746459960937500000e-02
5.792236328125000000e-02
5.798339843750000000e-02
5.831909179687500000e-02
5.874633789062500000e-02
5.975341796875000000e-02
6.127929687500000000e-02
6.353759765625000000e-02
6.665039062500000000e-02
7.122802734375000000e-02
7.714843750000000000e-02
8.526611328125000000e-02
9.466552734375000000e-02
1.065673828125000000e-01
1.189575195312500000e-01
1.293945312500000000e-01
1.392822265625000000e-01
1.474609375000000000e-01
1.527099609375000000e-01
1.558837890625000000e-01
1.568603515625000000e-01
1.553955078125000000e-01
1.530761718750000000e-01
1.511230468750000000e-01
1.488037109375000000e-01
1.464843750000000000e-01
1.437988281250000000e-01
1.409912109375000000e-01
1.378173828125000000e-01
1.345214843750000000e-01
1.312255859375000000e-01
1.279296875000000000e-01
1.248779296875000000e-01
1.217041015625000000e-01
1.185302734375000000e-01
1.152343750000000000e-01
1.118164062500000000e-01
1.087646484375000000e-01
1.054077148437500000e-01
1.031494140625000000e-01
1.012573242187500000e-01
9.930419921875000000e-02
9.686279296875000000e-02
9.552001953125000000e-02
9.497070312500000000e-02
9.454345703125000000e-02
9.344482421875000000e-02
9.332275390625000000e-02
9.259033203125000000e-02
9.191894531250000000e-02
9.124755859375000000e-02
9.069824218750000000e-02
8.984375000000000000e-02
8.947753906250000000e-02
8.898925781250000000e-02
8.868408203125000000e-02
8.831787109375000000e-02
8.746337890625000000e-02
8.697509765625000000e-02
8.703613281250000000e-02
8.715820312500000000e-02
8.752441406250000000e-02
8.807373046875000000e-02
8.868408203125000000e-02
8.947753906250000000e-02
9.075927734375000000e-02
9.234619140625000000e-02
9.460449218750000000e-02
9.777832031250000000e-02
1.022338867187500000e-01
1.076660156250000000e-01
1.151123046875000000e-01
1.232910156250000000e-01
1.335449218750000000e-01
1.447753906250000000e-01
1.546630859375000000e-01
1.635742187500000000e-01
1.704101562500000000e-01
1.746826171875000000e-01
1.767578125000000000e-01
1.770019531250000000e-01
1.752929687500000000e-01
1.733398437500000000e-01
1.718750000000000000e-01
1.702880859375000000e-01
1.687011718750000000e-01
1.667480468750000000e-01
1.645507812500000000e-01
1.622314453125000000e-01
1.599121093750000000e-01
1.574707031250000000e-01
1.550292968750000000e-01
1.525878906250000000e-01
1.502685546875000000e-01
1.479492187500000000e-01
1.459960937500000000e-01
1.440429687500000000e-01
1.423339843750000000e-01
1.407470703125000000e-01
1.392822265625000000e-01
1.378173828125000000e-01
1.359863281250000000e-01
1.343994140625000000e-01
1.331787109375000000e-01
1.326904296875000000e-01
1.322021484375000000e-01
1.314697265625000000e-01
1.314697265625000000e-01
1.311035156250000000e-01
1.307373046875000000e-01
1.306152343750000000e-01
1.307373046875000000e-01
1.308593750000000000e-01
1.311035156250000000e-01
1.311035156250000000e-01
1.312255859375000000e-01
1.313476562500000000e-01
1.313476562500000000e-01
1.314697265625000000e-01
1.319580078125000000e-01
1.324462890625000000e-01
1.330566406250000000e-01
1.337890625000000000e-01
1.346435546875000000e-01
1.357421875000000000e-01
1.372070312500000000e-01
1.390380859375000000e-01
1.414794921875000000e-01
1.447753906250000000e-01
1.492919921875000000e-01
1.547851562500000000e-01
1.621093750000000000e-01
1.701660156250000000e-01
1.800537109375000000e-01
1.906738281250000000e-01
2.000732421875000000e-01
2.087402343750000000e-01
2.153320312500000000e-01
2.193603515625000000e-01
2.211914062500000000e-01
2.211914062500000000e-01
2.194824218750000000e-01
2.174072265625000000e-01
2.158203125000000000e-01
2.139892578125000000e-01
2.122802734375000000e-01
2.102050781250000000e-01
2.078857421875000000e-01
2.055664062500000000e-01
2.031250000000000000e-01
2.006835937500000000e-01
1.981201171875000000e-01
1.956787109375000000e-01
1.932373046875000000e-01
1.909179687500000000e-01
1.888427734375000000e-01
1.867675781250000000e-01
1.849365234375000000e-01
1.832275390625000000e-01
1.817626953125000000e-01
1.802978515625000000e-01
1.784667968750000000e-01
1.768798828125000000e-01
1.755371093750000000e-01
1.748046875000000000e-01
1.741943359375000000e-01
1.734619140625000000e-01
1.734619140625000000e-01
1.728515625000000000e-01
1.723632812500000000e-01
1.719970703125000000e-01
1.719970703125000000e-01
1.718750000000000000e-01
1.719970703125000000e-01
1.718750000000000000e-01
1.718750000000000000e-01
1.718750000000000000e-01
1.717529296875000000e-01
1.716308593750000000e-01
1.719970703125000000e-01
1.723632812500000000e-01
1.728515625000000000e-01
1.734619140625000000e-01
1.743164062500000000e-01
1.754150390625000000e-01
1.768798828125000000e-01
1.787109375000000000e-01
1.810302734375000000e-01
1.842041015625000000e-01
1.887207031250000000e-01
1.940917968750000000e-01
2.012939453125000000e-01
2.089843750000000000e-01
2.186279296875000000e-01
2.288818359375000000e-01
2.376708984375000000e-01
2.459716796875000000e-01
2.521972656250000000e-01
2.558593750000000000e-01
2.575683593750000000e-01
2.573242187500000000e-01
2.556152343750000000e-01
2.534179687500000000e-01
2.517089843750000000e-01
2.497558593750000000e-01
2.479248046875000000e-01
2.457275390625000000e-01
2.432861328125000000e-01
2.407226562500000000e-01
2.381591796875000000e-01
2.355957031250000000e-01
2.329101562500000000e-01
2.303466796875000000e-01
2.277832031250000000e-01
2.254638671875000000e-01
2.232666015625000000e-01
2.210693359375000000e-01
2.192382812500000000e-01
2.175292968750000000e-01
2.159423828125000000e-01
2.142333984375000000e-01
2.122802734375000000e-01
2.104492187500000000e-01
2.089843750000000000e-01
2.083740234375000000e-01
2.077636718750000000e-01
2.069091796875000000e-01
2.066650390625000000e-01
2.059326171875000000e-01
2.053222656250000000e-01
2.049560546875000000e-01
2.048339843750000000e-01
2.045898437500000000e-01
2.045898437500000000e-01
2.043457031250000000e-01
2.042236328125000000e-01
2.041015625000000000e-01
2.038574218750000000e-01
2.037353515625000000e-01
2.039794921875000000e-01
2.042236328125000000e-01
2.045898437500000000e-01
2.052001953125000000e-01
2.059326171875000000e-01
2.070312500000000000e-01
2.083740234375000000e-01
2.100830078125000000e-01
2.124023437500000000e-01
2.154541015625000000e-01
2.198486328125000000e-01
2.250976562500000000e-01
2.321777343750000000e-01
2.397460937500000000e-01
2.492675781250000000e-01
2.592773437500000000e-01
2.678222656250000000e-01
2.756347656250000000e-01
2.817382812500000000e-01
2.851562500000000000e-01
2.866210937500000000e-01
2.863769531250000000e-01
2.844238281250000000e-01
2.822265625000000000e-01
2.805175781250000000e-01
2.785644531250000000e-01
2.766113281250000000e-01
2.744140625000000000e-01
2.719726562500000000e-01
2.692871093750000000e-01
2.666015625000000000e-01
2.639160156250000000e-01
2.612304687500000000e-01
2.585449218750000000e-01
2.558593750000000000e-01
2.534179687500000000e-01
2.512207031250000000e-01
2.489013671875000000e-01
2.468261718750000000e-01
2.449951171875000000e-01
2.432861328125000000e-01
2.414550781250000000e-01
2.393798828125000000e-01
2.374267578125000000e-01
2.358398437500000000e-01
2.351074218750000000e-01
2.343750000000000000e-01
2.335205078125000000e-01
2.331542968750000000e-01
2.324218750000000000e-01
2.318115234375000000e-01
2.314453125000000000e-01
2.313232421875000000e-01
2.310791015625000000e-01
2.310791015625000000e-01
2.308349609375000000e-01
2.307128906250000000e-01
2.307128906250000000e-01
2.305908203125000000e-01
2.304687500000000000e-01
2.307128906250000000e-01
2.309570312500000000e-01
2.313232421875000000e-01
2.318115234375000000e-01
2.325439453125000000e-01
2.336425781250000000e-01
2.349853515625000000e-01
2.366943359375000000e-01
2.390136718750000000e-01
2.421875000000000000e-01
2.465820312500000000e-01
2.517089843750000000e-01
2.587890625000000000e-01
2.663574218750000000e-01
2.758789062500000000e-01
2.856445312500000000e-01
2.944335937500000000e-01
3.022460937500000000e-01
3.083496093750000000e-01
3.115234375000000000e-01
3.129882812500000000e-01
3.127441406250000000e-01
3.110351562500000000e-01
3.088378906250000000e-01
3.071289062500000000e-01
3.051757812500000000e-01
3.032226562500000000e-01
3.010253906250000000e-01
2.985839843750000000e-01
2.958984375000000000e-01
2.932128906250000000e-01
2.905273437500000000e-01
2.878417968750000000e-01
2.851562500000000000e-01
2.827148437500000000e-01
2.802734375000000000e-01
2.780761718750000000e-01
2.758789062500000000e-01
2.739257812500000000e-01
2.722167968750000000e-01
2.705078125000000000e-01
2.687988281250000000e-01
2.668457031250000000e-01
2.648925781250000000e-01
2.634277343750000000e-01
2.626953125000000000e-01
2.619628906250000000e-01
2.612304687500000000e-01
2.609863281250000000e-01
2.602539062500000000e-01
2.597656250000000000e-01
2.595214843750000000e-01
2.595214843750000000e-01
2.595214843750000000e-01
2.597656250000000000e-01
2.597656250000000000e-01
2.597656250000000000e-01
2.597656250000000000e-01
2.597656250000000000e-01
2.597656250000000000e-01
2.602539062500000000e-01
2.607421875000000000e-01
2.612304687500000000e-01
2.619628906250000000e-01
2.629394531250000000e-01
2.641601562500000000e-01
2.656250000000000000e-01
2.675781250000000000e-01
2.700195312500000000e-01
2.731933593750000000e-01
2.778320312500000000e-01
2.832031250000000000e-01
2.905273437500000000e-01
2.983398437500000000e-01
3.078613281250000000e-01
3.181152343750000000e-01
3.271484375000000000e-01
3.352050781250000000e-01
3.417968750000000000e-01
3.454589843750000000e-01
3.474121093750000000e-01
3.476562500000000000e-01
3.464355468750000000e-01
3.447265625000000000e-01
3.432617187500000000e-01
3.415527343750000000e-01
3.398437500000000000e-01
3.378906250000000000e-01
3.356933593750000000e-01
3.334960937500000000e-01
3.312988281250000000e-01
3.291015625000000000e-01
3.266601562500000000e-01
3.244628906250000000e-01
3.222656250000000000e-01
3.203125000000000000e-01
3.186035156250000000e-01
3.166503906250000000e-01
3.151855468750000000e-01
3.139648437500000000e-01
3.127441406250000000e-01
3.112792968750000000e-01
3.100585937500000000e-01
3.085937500000000000e-01
3.076171875000000000e-01
3.073730468750000000e-01
3.071289062500000000e-01
3.068847656250000000e-01
3.071289062500000000e-01
3.068847656250000000e-01
3.068847656250000000e-01
3.068847656250000000e-01
3.071289062500000000e-01
3.073730468750000000e-01
3.078613281250000000e-01
3.081054687500000000e-01
3.083496093750000000e-01
3.085937500000000000e-01
3.088378906250000000e-01
3.090820312500000000e-01
3.095703125000000000e-01
3.100585937500000000e-01
3.107910156250000000e-01
3.115234375000000000e-01
3.125000000000000000e-01
3.137207031250000000e-01
3.151855468750000000e-01
3.171386718750000000e-01
3.195800781250000000e-01
3.229980468750000000e-01
3.276367187500000000e-01
3.332519531250000000e-01
3.408203125000000000e-01
3.491210937500000000e-01
3.591308593750000000e-01
3.696289062500000000e-01
3.789062500000000000e-01
3.874511718750000000e-01
3.942871093750000000e-01
3.986816406250000000e-01
4.008789062500000000e-01
4.016113281250000000e-01
4.006347656250000000e-01
3.989257812500000000e-01
3.977050781250000000e-01
3.962402343750000000e-01
3.947753906250000000e-01
3.930664062500000000e-01
3.911132812500000000e-01
3.891601562500000000e-01
3.872070312500000000e-01
3.852539062500000000e-01
3.830566406250000000e-01
3.811035156250000000e-01
3.791503906250000000e-01
3.774414062500000000e-01
3.759765625000000000e-01
3.745117187500000000e-01
3.735351562500000000e-01
3.728027343750000000e-01
3.720703125000000000e-01
3.710937500000000000e-01
3.701171875000000000e-01
3.693847656250000000e-01
3.691406250000000000e-01
3.696289062500000000e-01
3.698730468750000000e-01
3.701171875000000000e-01
3.708496093750000000e-01
3.710937500000000000e-01
3.715820312500000000e-01
3.720703125000000000e-01
3.725585937500000000e-01
3.730468750000000000e-01
3.737792968750000000e-01
3.740234375000000000e-01
3.745117187500000000e-01
3.750000000000000000e-01
3.752441406250000000e-01
3.754882812500000000e-01
3.762207031250000000e-01
3.769531250000000000e-01
3.776855468750000000e-01
3.784179687500000000e-01
3.793945312500000000e-01
3.806152343750000000e-01
3.823242187500000000e-01
3.842773437500000000e-01
3.869628906250000000e-01
3.903808593750000000e-01
3.952636718750000000e-01
4.008789062500000000e-01
4.084472656250000000e-01
4.167480468750000000e-01
4.267578125000000000e-01
4.372558593750000000e-01
4.465332031250000000e-01
4.550781250000000000e-01
4.621582031250000000e-01
4.665527343750000000e-01
4.689941406250000000e-01
4.699707031250000000e-01
4.689941406250000000e-01
4.675292968750000000e-01
4.663085937500000000e-01
4.648437500000000000e-01
4.633789062500000000e-01
4.616699218750000000e-01
4.597167968750000000e-01
4.577636718750000000e-01
4.558105468750000000e-01
4.538574218750000000e-01
4.519042968750000000e-01
4.499511718750000000e-01
4.479980468750000000e-01
4.465332031250000000e-01
4.453125000000000000e-01
4.438476562500000000e-01
4.428710937500000000e-01
4.421386718750000000e-01
4.414062500000000000e-01
4.404296875000000000e-01
4.394531250000000000e-01
4.387207031250000000e-01
4.384765625000000000e-01
4.387207031250000000e-01
4.389648437500000000e-01
4.389648437500000000e-01
4.394531250000000000e-01
4.394531250000000000e-01
4.396972656250000000e-01
4.401855468750000000e-01
4.406738281250000000e-01
4.411621093750000000e-01
4.416503906250000000e-01
4.418945312500000000e-01
4.423828125000000000e-01
4.426269531250000000e-01
4.428710937500000000e-01
4.431152343750000000e-01
4.438476562500000000e-01
4.445800781250000000e-01
4.453125000000000000e-01
4.460449218750000000e-01
4.470214843750000000e-01
4.482421875000000000e-01
4.497070312500000000e-01
4.516601562500000000e-01
4.541015625000000000e-01
4.575195312500000000e-01
4.621582031250000000e-01
4.675292968750000000e-01
4.748535156250000000e-01
4.826660156250000000e-01
4.926757812500000000e-01
5.029296875000000000e-01
5.122070312500000000e-01
5.205078125000000000e-01
5.273437500000000000e-01
5.317382812500000000e-01
5.341796875000000000e-01
5.346679687500000000e-01
5.336914062500000000e-01
5.322265625000000000e-01
5.307617187500000000e-01
5.292968750000000000e-01
5.278320312500000000e-01
5.258789062500000000e-01
5.239257812500000000e-01
5.219726562500000000e-01
5.200195312500000000e-01
5.180664062500000000e-01
5.161132812500000000e-01
5.141601562500000000e-01
5.122070312500000000e-01
5.102539062500000000e-01
5.087890625000000000e-01
5.073242187500000000e-01
5.058593750000000000e-01
5.048828125000000000e-01
5.039062500000000000e-01
5.024414062500000000e-01
5.009765625000000000e-01
4.997558593750000000e-01
4.990234375000000000e-01
4.987792968750000000e-01
4.985351562500000000e-01
4.982910156250000000e-01
4.985351562500000000e-01
4.982910156250000000e-01
4.982910156250000000e-01
4.985351562500000000e-01
4.987792968750000000e-01
4.987792968750000000e-01
4.990234375000000000e-01
4.990234375000000000e-01
4.992675781250000000e-01
4.995117187500000000e-01
4.995117187500000000e-01
4.995117187500000000e-01
5.000000000000000000e-01
5.004882812500000000e-01
5.009765625000000000e-01
5.014648437500000000e-01
5.024414062500000000e-01
5.034179687500000000e-01
5.048828125000000000e-01
5.068359375000000000e-01
5.092773437500000000e-01
5.122070312500000000e-01
5.166015625000000000e-01
5.219726562500000000e-01
5.288085937500000000e-01
5.361328125000000000e-01
5.454101562500000000e-01
5.551757812500000000e-01
5.639648437500000000e-01
5.717773437500000000e-01
5.781250000000000000e-01
5.820312500000000000e-01
5.839843750000000000e-01
5.844726562500000000e-01
5.830078125000000000e-01
5.810546875000000000e-01
5.795898437500000000e-01
5.776367187500000000e-01
5.756835937500000000e-01
5.737304687500000000e-01
5.712890625000000000e-01
5.688476562500000000e-01
5.664062500000000000e-01
5.639648437500000000e-01
5.615234375000000000e-01
5.590820312500000000e-01
5.566406250000000000e-01
5.546875000000000000e-01
5.527343750000000000e-01
5.507812500000000000e-01
5.493164062500000000e-01
5.483398437500000000e-01
5.468750000000000000e-01
5.454101562500000000e-01
5.439453125000000000e-01
5.424804687500000000e-01
5.415039062500000000e-01
5.410156250000000000e-01
5.405273437500000000e-01
5.400390625000000000e-01
5.400390625000000000e-01
5.395507812500000000e-01
5.390625000000000000e-01
5.390625000000000000e-01
5.390625000000000000e-01
5.390625000000000000e-01
5.390625000000000000e-01
5.390625000000000000e-01
5.390625000000000000e-01
5.390625000000000000e-01
5.390625000000000000e-01
5.390625000000000000e-01
5.395507812500000000e-01
5.400390625000000000e-01
5.405273437500000000e-01
5.410156250000000000e-01
5.415039062500000000e-01
5.424804687500000000e-01
5.439453125000000000e-01
5.458984375000000000e-01
5.483398437500000000e-01
5.512695312500000000e-01
5.556640625000000000e-01
5.610351562500000000e-01
5.678710937500000000e-01
5.751953125000000000e-01
5.844726562500000000e-01
5.942382812500000000e-01
6.030273437500000000e-01
6.103515625000000000e-01
6.162109375000000000e-01
6.201171875000000000e-01
6.225585937500000000e-01
6.235351562500000000e-01
6.225585937500000000e-01
6.206054687500000000e-01
6.191406250000000000e-01
6.171875000000000000e-01
6.152343750000000000e-01
6.132812500000000000e-01
6.108398437500000000e-01
6.083984375000000000e-01
6.059570312500000000e-01
6.035156250000000000e-01
6.010742187500000000e-01
5.986328125000000000e-01
5.966796875000000000e-01
5.947265625000000000e-01
5.932617187500000000e-01
5.917968750000000000e-01
5.903320312500000000e-01
5.893554687500000000e-01
5.878906250000000000e-01
5.864257812500000000e-01
5.849609375000000000e-01
5.834960937500000000e-01
5.825195312500000000e-01
5.820312500000000000e-01
5.815429687500000000e-01
5.810546875000000000e-01
5.810546875000000000e-01
5.805664062500000000e-01
5.800781250000000000e-01
5.800781250000000000e-01
5.800781250000000000e-01
5.800781250000000000e-01
5.800781250000000000e-01
5.800781250000000000e-01
5.800781250000000000e-01
5.800781250000000000e-01
5.800781250000000000e-01
5.800781250000000000e-01
5.800781250000000000e-01
5.800781250000000000e-01
5.805664062500000000e-01
5.810546875000000000e-01
5.815429687500000000e-01
5.825195312500000000e-01
5.839843750000000000e-01
5.854492187500000000e-01
5.878906250000000000e-01
5.908203125000000000e-01
5.952148437500000000e-01
6.000976562500000000e-01
6.064453125000000000e-01
6.137695312500000000e-01
6.230468750000000000e-01
6.328125000000000000e-01
6.411132812500000000e-01
6.484375000000000000e-01
6.542968750000000000e-01
6.582031250000000000e-01
6.606445312500000000e-01
6.616210937500000000e-01
6.606445312500000000e-01
6.586914062500000000e-01
6.572265625000000000e-01
6.552734375000000000e-01
6.533203125000000000e-01
6.513671875000000000e-01
6.489257812500000000e-01
6.464843750000000000e-01
6.440429687500000000e-01
6.416015625000000000e-01
6.391601562500000000e-01
6.372070312500000000e-01
6.352539062500000000e-01
6.337890625000000000e-01
6.323242187500000000e-01
6.308593750000000000e-01
6.293945312500000000e-01
6.284179687500000000e-01
6.269531250000000000e-01
6.254882812500000000e-01
6.240234375000000000e-01
6.225585937500000000e-01
6.215820312500000000e-01
6.210937500000000000e-01
6.206054687500000000e-01
6.201171875000000000e-01
6.196289062500000000e-01
6.186523437500000000e-01
6.181640625000000000e-01
6.181640625000000000e-01
6.181640625000000000e-01
6.176757812500000000e-01
6.176757812500000000e-01
6.171875000000000000e-01
6.166992187500000000e-01
6.166992187500000000e-01
6.162109375000000000e-01
6.157226562500000000e-01
