1.000000000000000000e+00
9.330985915492956417e-01
7.992957746478873693e-01
6.725352112676057370e-01
5.140845070422536134e-01
3.943661971830985657e-01
2.992957746478873138e-01
2.112676056338028130e-01
1.373239436619718423e-01
8.450704225352111132e-02
3.521126760563380448e-02
7.042253521126758120e-03
0.000000000000000000e+00
1.056338028169013891e-02
4.577464788732394513e-02
9.507042253521126585e-02
1.619718309859154715e-01
2.288732394366197465e-01
2.816901408450703803e-01
3.415492957746478764e-01
3.978873239436618858e-01
4.683098591549295642e-01
5.422535211267605071e-01
6.197183098591549921e-01
6.901408450704225039e-01
7.570422535211266402e-01
8.133802816901408717e-01
8.661971830985916165e-01
9.119718309859154992e-01
9.647887323943663551e-01
